2.002827 50
2.102944 410
2.203067 410
2.303151 400
2.403250 400
2.503419 390
2.603509 400
2.703622 400
2.803718 400
2.903844 400
3.003952 390
3.104030 400
3.204094 390
3.304206 400
3.404311 400
3.504412 390
3.604503 400
3.704611 400
3.804709 400
3.904818 400
4.004964 400
4.105036 400
4.205144 400
4.305276 400
4.405402 400
4.505516 400
4.605626 400
4.705750 390
4.805833 400
4.905936 400
5.006182 400
5.106256 400
5.206362 400
5.306539 390
5.406633 390
5.506781 390
5.606895 400
5.706970 400
5.807034 400
5.907149 400
6.007234 400
6.107348 400
6.207443 400
6.307548 400
6.407636 400
6.507729 400
6.607803 400
6.707945 390
6.808032 400
6.908136 400
7.008303 390
7.108381 410
7.208498 570
7.308598 610
7.408707 600
7.508809 570
7.608919 620
7.709020 580
7.809090 590
7.909203 600
8.009311 600
8.109491 600
8.209592 590
8.309700 610
8.409825 590
8.510042 600
8.610220 600
8.710331 590
8.810455 600
8.910566 590
9.010659 600
