2.002561 20
2.102863 690
2.202976 700
2.303098 690
2.403305 700
2.503484 690
2.603603 700
2.703715 680
2.803822 700
2.903907 700
3.004034 680
3.104137 720
3.204285 690
3.304416 700
3.404488 690
3.504743 680
3.604847 710
3.704955 690
3.805071 680
3.905134 710
4.005227 690
4.105348 690
4.205456 710
4.305553 690
4.405688 690
4.505749 710
4.605861 680
4.705979 700
4.806095 690
4.906200 700
5.006305 690
5.106400 710
5.206506 690
5.306586 690
5.406684 700
5.507050 680
5.607129 710
5.707205 690
5.807306 690
5.907406 700
6.007461 690
6.107569 700
6.207652 700
6.307738 690
6.407832 690
6.507894 700
6.608024 700
6.708129 680
6.808243 710
6.908344 690
7.008770 680
7.108882 900
7.208991 750
7.309113 700
7.409189 700
7.509427 680
7.609544 700
7.709606 690
7.809713 710
7.909824 690
8.010014 680
8.110124 710
8.210230 690
8.310330 690
8.410424 690
8.510531 680
8.610623 710
8.710719 690
8.810814 690
8.910941 710
9.011070 690
