3.002774 90
3.102809 410
3.202851 410
3.302890 400
3.402964 400
3.503001 400
3.603075 400
3.703137 400
3.803225 400
3.903285 400
4.003360 400
4.103409 380
4.203465 400
4.303543 400
4.403629 390
4.503694 410
4.603772 380
4.703822 400
4.803888 400
4.903967 400
5.004007 400
5.104037 400
5.204111 400
5.304172 400
5.404222 400
5.504290 400
5.604341 400
5.704420 400
5.804468 400
5.904505 390
6.004567 410
6.104627 400
6.204709 360
6.304769 410
6.404797 400
6.504827 400
6.604851 400
6.704920 390
6.804977 400
6.905027 400
7.005089 400
7.105166 400
7.205211 400
7.305283 400
7.405354 400
7.505427 400
7.605460 400
7.705484 390
7.805533 390
7.905608 400
8.005662 400
8.105707 390
8.205759 410
8.305814 380
8.405886 400
8.505953 400
8.606008 400
8.706074 400
8.806102 400
8.906167 400
9.006228 400
9.106268 400
9.206299 390
9.306348 400
9.406396 400
9.506458 400
9.606537 400
9.706575 380
9.806630 410
9.906682 400
10.006758 400
10.106796 390
10.206856 390
10.306905 400
10.406952 400
10.507007 400
10.607077 400
10.707156 400
10.807180 400
10.907221 400
11.007295 400
11.107319 400
11.207390 390
11.307433 390
11.407471 400
11.507534 400
11.607576 400
11.707983 390
11.808033 410
11.908103 400
12.008134 400
12.108181 390
12.208277 400
12.308320 400
12.408364 390
12.508441 400
12.608471 400
12.708646 400
12.808720 400
12.908779 400
13.008860 400
13.108937 400
13.209013 400
13.309083 400
13.409145 400
13.509214 400
13.609294 400
13.709540 380
13.809613 390
13.909692 400
14.009733 400
14.109798 400
14.209848 400
14.309916 400
14.409987 400
14.510061 400
14.610101 400
14.710178 390
14.810240 400
14.910314 400
15.010372 400
15.110423 400
15.210494 400
15.310534 400
15.410582 400
15.510662 400
15.610725 400
15.711229 400
15.811320 400
15.911410 400
16.011445 370
16.111508 410
16.211576 390
16.311605 400
16.411676 390
16.511732 400
16.611811 400
16.711839 400
16.811885 400
16.911961 400
17.012032 400
17.112101 400
17.212176 400
17.312238 400
17.412311 400
17.512385 400
17.612504 400
17.712556 400
17.812602 400
17.912681 400
18.012841 380
18.112916 390
18.212991 570
18.313053 580
18.413094 570
18.513173 560
18.613255 570
18.713335 570
18.813393 580
18.913476 570
19.013546 570
19.113606 580
19.213676 570
19.313736 580
19.413800 570
19.513842 560
19.613880 570
19.713913 580
19.813983 570
19.914031 570
20.014100 570
20.114172 570
20.214204 560
20.314236 560
20.414298 580
20.514384 570
20.614466 570
20.714555 580
20.814619 570
20.914698 570
21.014769 580
21.114847 570
21.214915 570
21.314987 580
21.415083 570
21.515159 560
21.615229 580
21.715312 570
21.815375 580
21.915426 570
22.015497 530
22.115571 610
22.215645 560
22.315701 570
22.415751 580
22.515778 560
22.615854 560
22.715930 580
22.815961 570
22.916029 570
23.016089 570
23.116163 570
23.216217 570
23.316274 580
23.416357 570
23.516432 570
23.616474 580
23.716522 570
23.816558 570
23.916621 580
24.016691 570
24.116765 570
24.216815 580
24.316880 570
24.416959 550
24.517025 570
24.617102 580
24.717174 570
24.817241 570
24.917307 570
25.017338 560
25.117382 590
25.217459 560
25.317533 570
25.417594 580
25.517700 570
25.617778 570
