3.002392 30
3.102473 680
3.202504 720
3.302579 690
3.402613 710
3.502663 690
3.602740 700
3.702806 690
3.802880 680
3.902959 700
4.003031 700
4.103056 720
4.203101 700
4.303155 710
4.403201 710
4.503277 700
4.603346 700
4.703390 700
4.803455 710
4.903512 710
5.003558 710
5.103621 710
5.203709 690
5.303761 700
5.403832 690
5.503900 680
5.603934 690
5.704012 700
5.804052 700
5.904091 670
6.004135 710
6.104206 700
6.204247 680
6.304311 680
6.404383 690
6.504643 690
6.604721 680
6.704772 690
6.804836 680
6.904901 700
7.004965 680
7.104989 690
7.205056 690
7.305138 690
7.405216 690
7.505249 690
7.605311 700
7.705366 700
7.805435 690
7.905494 690
8.005534 690
8.105621 690
8.205697 680
8.305758 680
8.405821 690
8.505864 680
8.605919 690
8.705948 670
8.805988 690
8.906040 670
9.006105 680
9.106296 810
9.206335 800
9.306381 720
9.406417 700
9.506472 710
9.606520 700
9.706541 710
9.806613 720
9.906680 700
10.006734 700
10.106814 720
10.206879 730
10.306952 730
10.407032 720
10.507108 730
10.607152 720
10.707224 720
10.807295 730
10.907340 710
11.007388 740
11.107416 710
11.207486 720
11.307568 740
11.407637 710
11.507711 730
11.607908 710
11.707986 750
11.808046 710
11.908129 730
12.008203 720
12.108274 730
12.208327 710
12.308407 710
12.408449 720
12.508523 710
12.608597 730
12.708628 720
12.808672 720
12.908721 720
13.008768 730
13.108834 700
13.208906 700
13.308967 720
13.409009 720
13.509078 690
13.609128 730
13.709171 700
13.809207 710
13.909261 700
14.009318 720
14.109378 710
14.209453 710
14.309522 710
14.409592 700
14.509644 700
14.609680 710
14.709733 690
14.809770 700
14.909850 720
15.009883 720
15.109914 680
15.209965 710
15.310050 730
15.410124 700
15.510179 710
15.610258 710
