0.000314 0
0.001364 0
0.002386 0
0.003421 0
0.004444 0
0.005500 0
0.006556 0
0.007612 0
0.008666 0
0.009965 0
0.011023 0
0.012082 0
0.013141 0
0.014189 0
0.015246 0
0.016301 0
0.017357 0
0.018411 0
0.019465 0
0.020522 0
0.021578 0
0.022634 0
0.023691 0
0.024726 0
0.025785 0
0.026846 0
0.027861 0
0.028920 0
0.029940 0
0.030978 0
0.032040 0
0.033094 0
0.034121 0
0.035149 0
0.036176 0
0.037232 0
0.038288 0
0.039344 0
0.040399 0
0.041457 0
0.042516 0
0.043573 0
0.044632 0
0.045690 0
0.046749 0
0.047805 0
0.048860 0
0.049914 0
0.050952 0
0.051962 0
0.053008 0
0.054023 0
0.055080 0
0.056136 0
0.057193 0
0.058248 0
0.059300 0
0.060359 0
0.061415 0
0.062471 0
0.063527 0
0.064584 0
0.065641 0
0.066696 0
0.067751 0
0.068806 0
0.069847 0
0.070904 0
0.071959 0
0.073014 0
0.074069 0
0.075124 0
0.076167 0
0.077205 0
0.078223 0
0.079271 0
0.080327 0
0.081383 0
0.082438 0
0.083493 0
0.084547 0
0.085601 0
0.086657 0
0.087712 0
0.088766 0
0.089786 0
0.090842 0
0.091899 0
0.092953 0
0.094008 0
0.095035 0
0.096042 0
0.097089 0
0.098146 0
0.099203 0
0.100258 0
0.101314 0
0.102370 0
0.103425 0
0.104479 0
0.105537 0
0.106594 0
0.107650 0
0.108707 0
0.109762 0
0.110817 0
0.111874 0
0.112931 0
0.113987 0
0.115043 0
0.116098 0
0.117153 0
0.118208 0
0.119257 0
0.120275 0
0.121313 0
0.122342 0
0.123376 0
0.124395 0
0.125451 0
0.126507 0
0.127668 0
0.128731 0
0.129789 0
0.130846 0
0.131906 0
0.132955 0
0.134012 0
0.135068 0
0.136125 0
0.137182 0
0.138240 0
0.139296 0
0.140353 0
0.141411 0
0.142694 0
0.143757 0
0.144817 0
0.145831 0
0.146889 0
0.147945 0
0.149001 0
0.150057 0
0.151113 0
0.152169 0
0.153225 0
0.154281 0
0.155337 0
0.156393 0
0.157449 0
0.158505 0
0.159560 0
0.160616 0
0.161673 0
0.162729 0
0.163785 0
0.164841 0
0.165896 0
0.166952 0
0.168008 0
0.169064 0
0.170119 0
0.171175 0
0.172230 0
0.173286 0
0.174342 0
0.175397 0
0.176453 0
0.177509 0
0.178565 0
0.179622 0
0.180678 0
0.181734 0
0.182789 0
0.183845 0
0.184900 0
0.185956 0
0.187012 0
0.188069 0
0.189126 0
0.190182 0
0.191237 0
0.192294 0
0.193352 0
0.194408 0
0.195464 0
0.196519 0
0.197578 0
0.198605 0
0.199663 0
0.200717 0
0.201773 0
0.202829 0
0.203886 0
0.204951 0
0.206007 0
0.207063 0
0.208120 0
0.209175 0
0.210231 0
0.211286 0
0.212342 0
0.213397 0
0.214452 0
0.215507 0
0.216562 0
0.217618 0
0.218674 0
0.219729 0
0.220785 0
0.221841 0
0.222896 0
0.223957 0
0.224972 0
0.225987 0
0.227231 0
0.228290 0
0.229347 0
0.230404 0
0.231460 0
0.232515 0
0.233571 0
0.234604 0
0.235624 0
0.236677 0
0.237688 0
0.238751 0
0.239784 0
0.240841 0
0.241896 0
0.242956 0
0.244021 0
0.245068 0
0.246126 0
0.247182 0
0.248237 0
0.249293 0
0.250346 0
0.251405 0
0.252460 0
0.253516 0
0.254572 0
0.255627 0
0.256641 0
0.257696 0
0.258752 0
0.259807 0
0.260862 0
0.261917 0
0.262973 0
0.264028 0
0.265083 0
0.266137 0
0.267174 0
0.268192 0
0.269248 0
0.270304 0
0.271358 0
0.272413 0
0.273469 0
0.274524 0
0.275579 0
0.276610 0
0.277625 0
0.278682 0
0.279742 0
0.280802 0
0.281859 0
0.282915 0
0.283970 0
0.285025 0
0.286045 0
0.287087 0
0.288144 0
0.289200 0
0.290255 0
0.291310 0
0.292367 0
0.293425 0
0.294480 0
0.295535 0
0.296552 0
0.297613 0
0.298671 0
0.299729 0
0.300736 0
0.301793 0
0.302849 0
0.303904 0
0.304959 0
0.306014 0
0.307060 0
0.308103 0
0.309160 0
0.310216 0
0.311272 0
0.312327 0
0.313383 0
0.314439 0
0.315493 0
0.316548 0
0.317604 0
0.318662 0
0.319719 0
0.320776 0
0.321834 0
0.322891 0
0.323949 0
0.325008 0
0.326069 0
0.327132 0
0.328205 0
0.329251 0
0.330312 0
0.331369 0
0.332430 0
0.333449 0
0.334469 0
0.335526 0
0.336582 0
0.337637 0
0.338693 0
0.339748 0
0.340804 0
0.341858 0
0.342879 0
0.343890 0
0.344953 0
0.346017 0
0.347040 0
0.348097 0
0.349153 0
0.350207 0
0.351247 0
0.352289 0
0.353346 0
0.354402 0
0.355459 0
0.356516 0
0.357571 0
0.358627 0
0.359682 0
0.360696 0
0.361738 0
0.362798 0
0.363829 0
0.364886 0
0.365943 0
0.366999 0
0.368054 0
0.369109 0
0.370125 0
0.371151 0
0.372208 0
0.373264 0
0.374324 0
0.375384 0
0.376441 0
0.377496 0
0.378551 0
0.379590 0
0.380650 0
0.381708 0
0.382764 0
0.383821 0
0.384879 0
0.385934 0
0.386990 0
0.388045 0
0.389100 0
0.390154 0
0.391206 0
0.392215 0
0.393303 0
0.394360 0
0.395416 0
0.396472 0
0.397520 0
0.398578 0
0.399632 0
0.400687 0
0.401726 0
0.402760 0
0.403816 0
0.404872 0
0.405927 0
0.406983 0
0.408039 0
0.409095 0
0.410150 0
0.411164 0
0.412199 0
0.413256 0
0.414312 0
0.415367 0
0.416423 0
0.417478 0
0.418536 0
0.419591 0
0.420617 0
0.421681 0
0.422706 0
0.423763 0
0.424818 0
0.425877 0
0.426939 0
0.427996 0
0.429054 0
0.430111 0
0.431168 0
0.432223 0
0.433238 0
0.434277 0
0.435293 0
0.436332 0
0.437389 0
0.438448 0
0.439506 0
0.440562 0
0.441616 0
0.442673 0
0.443728 0
0.444762 0
0.445811 0
0.446869 0
0.447925 0
0.448956 0
0.450012 0
0.451066 0
0.452097 0
0.453151 0
0.454209 0
0.455246 0
0.456307 0
0.457365 0
0.458420 0
0.459476 0
0.460531 0
0.461585 0
0.462640 0
0.463698 0
0.464755 0
0.465811 0
0.466866 0
0.467921 0
0.468973 0
0.470022 0
0.471078 0
0.472134 0
0.473189 0
0.474244 0
0.475298 0
0.476353 0
0.477397 0
0.478409 0
0.479462 0
0.480519 0
0.481574 0
0.482630 0
0.483685 0
0.484739 0
0.485791 0
0.486835 0
0.487848 0
0.488901 0
0.489957 0
0.491013 0
0.492069 0
0.493125 0
0.494179 0
0.495233 0
0.496288 0
0.497343 0
0.498360 0
0.499418 0
0.500474 0
0.501530 0
0.502585 0
0.503640 0
0.504651 0
0.505685 0
0.506708 0
0.507754 0
0.508811 0
0.509867 0
0.510923 0
0.511977 0
0.513032 0
0.514089 0
0.515145 0
0.516202 0
0.517258 0
0.518315 0
0.519369 0
0.520424 0
0.521481 0
0.522537 0
0.523593 0
0.524649 0
0.525707 0
0.526758 0
0.527815 0
0.528835 0
0.529894 0
0.530955 0
0.532014 0
0.533071 0
0.534128 0
0.535146 0
0.536193 0
0.537240 0
0.538285 0
0.539325 0
0.540367 0
0.541402 0
0.542445 0
0.543484 0
0.544500 0
0.545555 0
0.546617 0
0.547678 0
0.548740 0
0.549796 0
0.550852 0
0.551906 0
0.552959 0
0.553992 0
0.555006 0
0.556014 0
0.557063 0
0.558120 0
0.559176 0
0.560232 0
0.561286 0
0.562340 0
0.563390 0
0.564397 0
0.565445 0
0.566492 0
0.567548 0
0.568603 0
0.569658 0
0.570713 0
0.571768 0
0.572825 0
0.573882 0
0.574938 0
0.575995 0
0.577052 0
0.578108 0
0.579166 0
0.580221 0
0.581276 0
0.582333 0
0.583391 0
0.584447 0
0.585502 0
0.586558 0
0.587613 0
0.588630 0
0.589688 0
0.590744 0
0.591801 0
0.592859 0
0.593915 0
0.594972 0
0.596029 0
0.597083 0
0.598139 0
0.599196 0
0.600244 0
0.601300 0
0.602356 0
0.603411 0
0.604466 0
0.605521 0
0.606577 0
0.607634 0
0.608691 0
0.609748 0
0.610805 0
0.611859 0
0.612914 0
0.613990 0
0.615048 0
0.616104 0
0.617160 0
0.618215 0
0.619270 0
0.620325 0
0.621353 0
0.622382 0
0.623409 0
0.624450 0
0.625507 0
0.626566 0
0.627624 0
0.628680 0
0.629735 0
0.630748 0
0.631806 0
0.632831 0
0.633861 0
0.634919 0
0.635975 0
0.637031 0
0.638086 0
0.639142 0
0.640197 0
0.641251 0
0.642305 0
0.643351 0
0.644408 0
0.645464 0
0.646495 0
0.647505 0
0.648563 0
0.649622 0
0.650678 0
0.651733 0
0.652787 0
0.653845 0
0.654902 0
0.655957 0
0.657012 0
0.658070 0
0.659126 0
0.660181 0
0.661237 0
0.662294 0
0.663349 0
0.664404 0
0.665456 0
0.666488 0
0.667512 0
0.668544 0
0.669600 0
0.670655 0
0.671711 0
0.672766 0
0.673786 0
0.674795 0
0.675843 0
0.676860 0
0.677917 0
0.678973 0
0.680032 0
0.681053 0
0.682065 0
0.683109 0
0.684120 0
0.685177 0
0.686233 0
0.687288 0
0.688344 0
0.689398 0
0.690429 0
0.691551 0
0.692565 0
0.693588 0
0.694645 0
0.695700 0
0.696756 0
0.697811 0
0.698867 0
0.699887 0
0.700906 0
0.701943 0
0.702979 0
0.704035 0
0.705091 0
0.706147 0
0.707202 0
0.708218 0
0.709272 0
0.710328 0
0.711385 0
0.712441 0
0.713494 0
0.714552 0
0.715608 0
0.716663 0
0.717718 0
0.718724 0
0.719763 0
0.720779 0
0.721831 0
0.722888 0
0.723944 0
0.724999 0
0.726054 0
0.727119 0
0.728139 0
0.729196 0
0.730227 0
0.731238 0
0.732297 0
0.733354 0
0.734410 0
0.735444 0
0.736451 0
0.737511 0
0.738583 0
0.739648 0
0.740706 0
0.741763 0
0.742818 0
0.743872 0
0.744921 0
0.745958 0
0.747016 0
0.748047 0
0.749108 0
0.750190 0
0.751202 0
0.752259 0
0.753315 0
0.754369 0
0.755377 0
0.756430 0
0.757487 0
0.758529 0
0.759547 0
0.760604 0
0.761659 0
0.762716 0
0.763772 0
0.764827 0
0.765868 0
0.766917 0
0.767924 0
0.768949 0
0.770005 0
0.771060 0
0.772116 0
0.773170 0
0.774195 0
0.775253 0
0.776309 0
0.777365 0
0.778426 0
0.779482 0
0.780537 0
0.781594 0
0.782650 0
0.783699 0
0.784720 0
0.785776 0
0.786832 0
0.787842 0
0.788853 0
0.789895 0
0.790910 0
0.791966 0
0.793022 0
0.794076 0
0.795131 0
0.796169 0
0.797181 0
0.798225 0
0.799261 0
0.800318 0
0.801373 0
0.802430 0
0.803486 0
0.804542 0
0.805596 0
0.806625 0
0.807659 0
0.808681 0
0.809727 0
0.810784 0
0.811840 0
0.812896 0
0.813950 0
0.814956 0
0.815991 0
0.817013 0
0.818059 0
0.819115 0
0.820171 0
0.821227 0
0.822282 0
0.823336 0
0.824393 0
0.825450 0
0.826506 0
0.827563 0
0.828592 0
0.829650 0
0.830712 0
0.831728 0
0.832978 0
0.834012 0
0.835027 0
0.836077 0
0.837136 0
0.838200 0
0.839262 0
0.840275 0
0.841332 0
0.842388 0
0.843444 0
0.844499 0
0.845556 0
0.846613 0
0.847671 0
0.848734 0
0.849799 0
0.850861 0
0.851917 0
0.852963 0
0.854019 0
0.855075 0
0.856130 0
0.857185 0
0.858243 0
0.859299 0
0.860356 0
0.861412 0
0.862468 0
0.863525 0
0.864583 0
0.865745 0
0.866805 0
0.867863 0
0.868919 0
0.869976 0
0.871033 0
0.872090 0
0.873147 0
0.874202 0
0.875256 0
0.876309 0
0.877359 0
0.878416 0
0.879472 0
0.880529 0
0.881585 0
0.882639 0
0.883660 0
0.884680 0
0.885717 0
0.886750 0
0.887806 0
0.888862 0
0.889917 0
0.890971 0
0.892008 0
0.893063 0
0.894109 0
0.895118 0
0.896164 0
0.897220 0
0.898276 0
0.899333 0
0.900387 0
0.901398 0
0.902446 0
0.903457 0
0.904468 0
0.905525 0
0.906581 0
0.907638 0
0.908694 0
0.909732 0
0.910792 0
0.911848 0
0.912905 0
0.913961 0
0.915017 0
0.916072 0
0.917127 0
0.918182 0
0.919230 0
0.920286 0
0.921342 0
0.922370 0
0.923426 0
0.924480 0
0.925509 0
0.926551 0
0.927564 0
0.928623 0
0.929683 0
0.930721 0
0.931781 0
0.932842 0
0.933891 0
0.934921 0
0.935945 0
0.937001 0
0.938058 0
0.939113 0
0.940168 0
0.941223 0
0.942279 0
0.943333 0
0.944349 0
0.945397 0
0.946406 0
0.947430 0
0.948465 0
0.949489 0
0.950520 0
0.951548 0
0.952588 0
0.953603 0
0.954657 0
0.955671 0
0.956728 0
0.957784 0
0.958839 0
0.959846 0
0.960874 0
0.961902 0
0.962945 0
0.964002 0
0.965058 0
0.966114 0
0.967168 0
0.968202 0
0.969259 0
0.970315 0
0.971371 0
0.972428 0
0.973484 0
0.974539 0
0.975594 0
0.976649 0
0.977698 0
0.978755 0
0.979811 0
0.980867 0
0.981923 0
0.982978 0
0.984032 0
0.985077 0
0.986130 0
0.987186 0
0.988242 0
0.989299 0
0.990355 0
0.991410 0
0.992430 0
0.993486 0
0.994516 0
0.995559 0
0.996572 0
0.997628 0
0.998656 0
0.999714 0
1.000770 0
1.001825 0
1.002836 0
1.003858 0
1.004891 0
1.005902 0
1.006959 0
1.008014 0
1.009069 0
1.010124 0
1.011158 0
1.012167 0
1.013216 0
1.014223 0
1.015280 0
1.016335 0
1.017390 0
1.018445 0
1.019489 0
1.020547 0
1.021598 0
1.022630 0
1.023665 0
1.024721 0
1.025777 0
1.026833 0
1.027888 0
1.028949 0
1.030021 0
1.031037 0
1.032092 0
1.033127 0
1.034171 0
1.035227 0
1.036283 0
1.037339 0
1.038396 0
1.039452 0
1.040482 0
1.041525 0
1.042538 0
1.043591 0
1.044647 0
1.045702 0
1.046758 0
1.047813 0
1.048873 0
1.049931 0
1.050988 0
1.052044 0
1.053100 0
1.054141 0
1.055172 0
1.056195 0
1.057244 0
1.058251 0
1.059310 0
1.060366 0
1.061422 0
1.062477 0
1.063532 0
1.064588 0
1.065642 0
1.066693 0
1.067705 0
1.068747 0
1.069772 0
1.070828 0
1.071885 0
1.072940 0
1.073994 0
1.075017 0
1.076030 0
1.077072 0
1.078096 0
1.079153 0
1.080210 0
1.081269 0
1.082324 0
1.083379 0
1.084436 0
1.085492 0
1.086547 0
1.087561 0
1.088619 0
1.089642 0
1.090699 0
1.091755 0
1.092811 0
1.093865 0
1.094871 0
1.095903 0
1.096957 0
1.098011 0
1.099068 0
1.100124 0
1.101180 0
1.102236 0
1.103290 0
1.104344 0
1.105398 0
1.106430 0
1.107453 0
1.108488 0
1.109511 0
1.110551 0
1.111573 0
1.112626 0
1.113654 0
1.114667 0
1.115717 0
1.116744 0
1.117815 0
