0.000965 0
0.002035 0
0.003101 0
0.004164 0
0.005261 0
0.006315 0
0.007327 0
0.008398 0
0.009467 0
0.010504 0
0.011566 0
0.012619 0
0.013674 0
0.014730 0
0.015750 0
0.016788 0
0.017855 0
0.018922 0
0.019980 0
0.021023 0
0.022083 0
0.023133 0
0.024217 0
0.025299 0
0.026365 0
0.027388 0
0.028443 0
0.029477 0
0.030532 0
0.031593 0
0.032652 0
0.033707 0
0.034771 0
0.035832 0
0.036864 0
0.037953 0
0.039026 0
0.040101 0
0.041218 0
0.042318 0
0.043413 0
0.044475 0
0.045534 0
0.046591 0
0.047665 0
0.048766 0
0.049840 0
0.050928 0
0.052006 0
0.053082 0
0.054137 0
0.055223 0
0.056314 0
0.057412 0
0.058518 0
0.059606 0
0.060700 0
0.061787 0
0.062878 0
0.063964 0
0.065055 0
0.066142 0
0.067210 0
0.068282 0
0.069392 0
0.070480 0
0.071567 0
0.072654 0
0.073730 0
0.074798 0
0.075884 0
0.076958 0
0.078041 0
0.079130 0
0.080217 0
0.081306 0
0.082374 0
0.083454 0
0.084540 0
0.085624 0
0.086710 0
0.087776 0
0.088873 0
0.089976 0
0.091066 0
0.092154 0
0.093233 0
0.094327 0
0.095422 0
0.096495 0
0.097555 0
0.098619 0
0.099676 0
0.100766 0
0.101865 0
0.102948 0
0.104015 0
0.105106 0
0.106175 0
0.107234 0
0.108304 0
0.109401 0
0.110464 0
0.111550 0
0.112645 0
0.113743 0
0.114839 0
0.115938 0
0.117038 0
0.118128 0
0.119201 0
0.120283 0
0.121366 0
0.122435 0
0.123512 0
0.124572 0
0.125663 0
0.126723 0
0.127803 0
0.128866 0
0.129962 0
0.131053 0
0.132142 0
0.133249 0
0.134351 0
0.135426 0
0.136507 0
0.137594 0
0.138682 0
0.139771 0
0.140858 0
0.141947 0
0.143034 0
0.144121 0
0.145211 0
0.146297 0
0.147363 0
0.148456 0
0.149513 0
0.150622 0
0.151688 0
0.152747 0
0.153820 0
0.154923 0
0.155991 0
0.157077 0
0.158153 0
0.159232 0
0.160298 0
0.161388 0
0.162476 0
0.163534 0
0.164614 0
0.165721 0
0.166812 0
0.167900 0
0.168987 0
0.170073 0
0.171160 0
0.172260 0
0.173337 0
0.174419 0
0.175464 0
0.176545 0
0.177636 0
0.178733 0
0.179829 0
0.180942 0
0.182029 0
0.183119 0
0.185049 0
0.186138 0
0.187230 0
0.188320 0
0.189412 0
0.190482 0
0.191568 0
0.192652 0
0.193744 0
0.194837 0
0.195932 0
0.197026 0
0.198120 0
0.199216 0
0.200301 0
0.201368 0
0.202461 0
0.203531 0
0.204609 0
0.205686 0
0.206783 0
0.207877 0
0.208955 0
0.210050 0
0.211141 0
0.212234 0
0.213326 0
0.214416 0
0.215505 0
0.216599 0
0.217691 0
0.218794 0
0.219894 0
0.220995 0
0.222106 0
0.223204 0
0.224264 0
0.225345 0
0.226419 0
0.227498 0
0.228592 0
0.229688 0
0.230790 0
0.231878 0
0.232972 0
0.234066 0
0.235152 0
0.236251 0
0.237362 0
0.238465 0
0.239562 0
0.240660 0
0.241758 0
0.242864 0
0.243965 0
0.245035 0
0.246119 0
0.247222 0
0.248325 0
0.249428 0
0.250533 0
0.251637 0
0.252740 0
0.253846 0
0.254938 0
0.256008 0
0.257097 0
0.258197 0
0.259294 0
0.260390 0
0.261487 0
0.262611 0
0.263672 0
0.264749 0
0.265816 0
0.266913 0
0.267978 0
0.269067 0
0.270162 0
0.271270 0
0.272363 0
0.273459 0
0.274536 0
0.275637 0
0.276687 0
0.277746 0
0.278833 0
0.279924 0
0.280992 0
0.282076 0
0.283152 0
0.284224 0
0.285298 0
0.286364 0
0.287421 0
0.288486 0
0.289554 0
0.290617 0
0.291697 0
0.292751 0
0.293810 0
0.294881 0
0.295981 0
0.297052 0
0.298157 0
0.299255 0
0.300396 0
0.301499 0
0.302596 0
0.303690 0
0.304779 0
0.305923 0
0.307019 0
0.308101 0
0.309156 0
0.310184 0
0.311246 0
0.312317 0
0.313375 0
0.314440 0
0.315503 0
0.316567 0
0.317664 0
0.318741 0
0.319805 0
0.320837 0
0.321896 0
0.322925 0
0.323991 0
0.325053 0
0.326172 0
0.327274 0
0.328388 0
0.329490 0
0.330610 0
0.331710 0
0.332901 0
0.334032 0
0.335168 0
0.336252 0
0.337358 0
0.338496 0
0.339701 0
0.340866 0
0.342047 0
0.343220 0
0.344416 0
0.345576 0
0.346764 0
0.347973 0
0.349134 0
0.350345 0
0.351424 0
0.352554 0
0.353991 0
0.355099 0
0.356174 0
0.357252 0
0.358315 0
0.359358 0
0.360464 0
0.361568 0
0.362670 0
0.363770 0
0.364883 0
0.366006 0
0.367073 0
0.368152 0
0.369234 0
0.370307 0
0.371477 0
0.372535 0
0.373771 0
0.375029 0
0.376175 0
0.377402 0
0.378479 0
0.379557 0
0.380672 0
0.381824 0
0.382905 0
0.384234 0
0.385280 0
0.386452 0
0.387531 0
0.388603 0
0.389634 0
0.390725 0
0.391816 0
0.392896 0
0.393966 0
0.395041 0
0.396069 0
0.397103 0
0.398211 0
0.399324 0
0.400440 0
0.401518 0
0.402580 0
0.403642 0
0.404928 0
0.405994 0
0.407268 0
0.408379 0
0.409394 0
0.410460 0
0.411522 0
0.412604 0
0.413679 0
0.414756 0
0.415831 0
0.416907 0
0.417982 0
0.419065 0
0.420128 0
0.421192 0
0.422273 0
0.423360 0
0.424421 0
0.425500 0
0.426562 0
0.427642 0
0.428727 0
0.429796 0
0.430902 0
0.432000 0
0.433093 0
0.434165 0
0.435306 0
0.436418 0
0.437511 0
0.438616 0
0.439712 0
0.440818 0
0.441953 0
0.443089 0
0.444201 0
0.445296 0
0.446421 0
0.447556 0
0.448688 0
0.449820 0
0.450892 0
0.451948 0
0.453007 0
0.454066 0
0.455154 0
0.456224 0
0.457315 0
0.458410 0
0.459547 0
0.460638 0
0.461710 0
0.462819 0
0.463902 0
0.465016 0
0.466174 0
0.467421 0
0.468542 0
0.469663 0
0.470741 0
0.471804 0
0.472862 0
0.473887 0
0.474913 0
0.476013 0
0.477145 0
0.478197 0
0.479266 0
0.480322 0
0.481369 0
0.482429 0
0.483490 0
0.484548 0
0.485604 0
0.486695 0
0.487801 0
0.488954 0
0.489998 0
0.492659 0
0.493721 0
0.494779 0
0.495846 0
0.496908 0
0.497972 0
0.499037 0
0.500099 0
0.501169 0
0.502240 0
0.503328 0
0.504418 0
0.505507 0
0.506595 0
0.507695 0
0.508796 0
0.509868 0
0.510934 0
0.512021 0
0.513105 0
0.514179 0
0.515269 0
0.516359 0
0.517465 0
0.518568 0
0.519669 0
0.520770 0
0.521872 0
0.522974 0
0.524109 0
0.525250 0
0.526330 0
0.527396 0
0.528486 0
0.529557 0
0.530629 0
0.531712 0
0.532797 0
0.533883 0
0.534988 0
0.536048 0
0.537106 0
0.538205 0
0.539267 0
0.540325 0
0.541383 0
0.542444 0
0.543544 0
0.544667 0
0.545776 0
0.546887 0
0.548012 0
0.549123 0
0.550237 0
0.551309 0
0.552404 0
0.553503 0
0.554581 0
0.555631 0
0.556691 0
0.557751 0
0.558805 0
0.559855 0
0.560918 0
0.561973 0
0.563024 0
0.564070 0
0.565134 0
0.566193 0
0.567270 0
0.568339 0
0.569407 0
0.570472 0
0.571544 0
0.572590 0
0.573651 0
0.574705 0
0.575736 0
0.576777 0
0.577838 0
0.578893 0
0.579966 0
0.581064 0
0.582143 0
0.583212 0
0.584291 0
0.585362 0
0.586454 0
0.587603 0
0.588721 0
0.589848 0
0.590951 0
0.591978 0
0.593025 0
0.594107 0
0.595211 0
0.596262 0
0.597340 0
0.598383 0
0.599468 0
0.600560 0
0.601660 0
0.602753 0
0.603850 0
0.605001 0
0.606064 0
0.607172 0
0.608260 0
0.609353 0
0.610448 0
0.611556 0
0.612635 0
0.613734 0
0.614763 0
0.615818 0
0.616878 0
0.617942 0
0.618997 0
0.620057 0
0.621114 0
0.622172 0
0.623232 0
0.624291 0
0.625317 0
0.626376 0
0.627427 0
0.628487 0
0.629540 0
0.630604 0
0.631663 0
0.632722 0
0.633772 0
0.634837 0
0.635895 0
0.636950 0
0.637998 0
0.639075 0
0.640119 0
0.641194 0
0.642255 0
0.643321 0
0.644429 0
0.645542 0
0.646658 0
0.647813 0
0.648985 0
0.650117 0
0.651273 0
0.652351 0
0.653481 0
0.654607 0
0.655658 0
0.656731 0
0.657788 0
0.658807 0
0.659865 0
0.660932 0
0.661986 0
0.663052 0
0.664117 0
0.665167 0
0.666236 0
0.667280 0
0.668386 0
0.669444 0
0.670607 0
0.671675 0
0.672734 0
0.673830 0
0.674931 0
0.676120 0
0.677286 0
0.678502 0
0.679635 0
0.680829 0
0.681943 0
0.683083 0
0.684143 0
0.685235 0
0.686334 0
0.687402 0
0.688484 0
0.689556 0
0.690621 0
0.691692 0
0.692768 0
0.693834 0
0.694876 0
0.695930 0
0.696981 0
0.698042 0
0.699077 0
0.700134 0
0.701210 0
0.702287 0
0.703379 0
0.704445 0
0.705524 0
0.706605 0
0.707662 0
0.708681 0
0.709765 0
0.710842 0
0.711938 0
0.713039 0
0.714112 0
0.715207 0
0.716294 0
0.717400 0
0.718471 0
0.719573 0
0.720655 0
0.721744 0
0.722838 0
0.723921 0
0.725014 0
0.726104 0
0.727172 0
0.728271 0
0.729320 0
0.730430 0
0.731477 0
0.732583 0
0.733684 0
0.734753 0
0.735906 0
0.736981 0
0.738072 0
0.739133 0
0.740205 0
0.741312 0
0.742424 0
0.743497 0
0.744602 0
0.745687 0
0.746791 0
0.747856 0
0.749014 0
0.750109 0
0.751201 0
0.752265 0
0.753354 0
0.754421 0
0.755486 0
0.756549 0
0.757627 0
0.758696 0
0.759754 0
0.760868 0
0.761932 0
0.763040 0
0.764137 0
0.765247 0
0.766331 0
0.767485 0
0.768583 0
0.769677 0
0.770747 0
0.771852 0
0.772944 0
0.774038 0
0.775077 0
0.776143 0
0.777225 0
0.778322 0
0.779412 0
0.780487 0
0.781554 0
0.782777 0
0.783916 0
0.784980 0
0.786046 0
0.787092 0
0.788243 0
0.789332 0
0.790459 0
0.791523 0
0.792748 0
0.793814 0
0.794881 0
0.795938 0
0.796985 0
0.798048 0
0.799094 0
0.800239 0
0.801390 0
0.802509 0
0.803559 0
0.804625 0
0.805684 0
0.806748 0
0.807804 0
0.808927 0
0.810015 0
0.811095 0
0.812192 0
0.813295 0
0.814357 0
0.815457 0
0.816520 0
0.817618 0
0.818728 0
0.819832 0
0.820951 0
0.822054 0
0.823149 0
0.824240 0
0.825325 0
0.826460 0
0.827502 0
0.828568 0
0.829630 0
0.830728 0
0.831751 0
0.832810 0
0.833832 0
0.834867 0
0.835962 0
0.837162 0
0.838236 0
0.839316 0
0.840407 0
0.841501 0
0.842584 0
0.843705 0
0.844893 0
0.846051 0
0.847134 0
0.848241 0
0.849401 0
0.850609 0
0.851679 0
0.852718 0
0.853838 0
0.854906 0
0.855979 0
0.857039 0
0.858109 0
0.859213 0
0.860314 0
0.861409 0
0.862468 0
0.863683 0
0.864748 0
0.865836 0
0.866932 0
0.868140 0
0.869224 0
0.870350 0
0.871432 0
0.872541 0
0.873624 0
0.874682 0
0.875742 0
0.876805 0
0.877863 0
0.878926 0
0.880022 0
0.881171 0
0.882262 0
0.883355 0
0.884459 0
0.885555 0
0.886631 0
0.887746 0
0.888930 0
0.890023 0
0.891161 0
0.892270 0
0.893327 0
0.894421 0
0.895571 0
0.896661 0
0.897715 0
0.898796 0
0.899888 0
0.900963 0
0.902036 0
0.903132 0
0.904202 0
0.905273 0
0.906333 0
0.907403 0
0.908452 0
0.909490 0
0.910559 0
0.911613 0
0.912678 0
0.913739 0
0.914829 0
0.916005 0
0.917077 0
0.918231 0
0.919327 0
0.920562 0
0.921688 0
0.922756 0
0.923816 0
0.924848 0
0.925886 0
0.926924 0
0.927968 0
0.929029 0
0.930091 0
0.931145 0
0.932213 0
0.933279 0
0.934348 0
0.935473 0
0.936655 0
0.937809 0
0.938879 0
0.940041 0
0.941188 0
0.942300 0
0.943422 0
0.944537 0
0.945642 0
0.946756 0
0.947820 0
0.948942 0
0.950017 0
0.951074 0
0.952176 0
0.953251 0
0.954422 0
0.955486 0
0.956503 0
0.957545 0
0.958623 0
0.959681 0
0.960791 0
0.961907 0
0.963017 0
0.964172 0
0.965268 0
0.966473 0
0.967546 0
0.968640 0
0.969735 0
0.970834 0
0.971948 0
0.973062 0
0.974098 0
0.975229 0
0.976322 0
0.977375 0
0.978502 0
0.979574 0
0.980678 0
0.981745 0
0.982955 0
0.984033 0
0.985229 0
0.986318 0
0.987381 0
0.988417 0
0.989485 0
0.990568 0
0.991629 0
0.992720 0
0.993824 0
0.994891 0
0.996037 0
0.997088 0
0.998149 0
0.999209 0
1.000288 0
1.001427 0
1.002515 0
1.003594 0
1.004675 0
1.005735 0
1.006842 0
1.007928 0
1.009096 0
1.010166 0
1.011196 0
1.013846 0
1.014907 0
1.015933 0
1.016990 0
1.018047 0
1.019105 0
1.020161 0
1.021231 0
1.022290 0
1.023352 0
1.024411 0
1.025470 0
1.026531 0
1.027591 0
1.028648 0
1.029710 0
1.030768 0
1.031830 0
1.032889 0
1.033978 0
1.035036 0
1.036095 0
1.037166 0
1.038225 0
1.039314 0
1.040372 0
1.041443 0
1.042502 0
1.043566 0
1.044629 0
1.045700 0
1.046760 0
1.047830 0
1.048919 0
1.050004 0
1.051093 0
1.052181 0
1.053269 0
1.054357 0
1.055445 0
1.056533 0
1.057618 0
1.058720 0
1.059809 0
1.060899 0
1.061988 0
1.063059 0
1.064158 0
1.065247 0
1.066336 0
1.067423 0
1.068515 0
1.069605 0
1.070693 0
1.071782 0
1.072869 0
1.073955 0
1.075043 0
1.076130 0
1.077217 0
1.078304 0
1.079362 0
1.080420 0
1.081511 0
1.082568 0
1.083659 0
1.084741 0
1.085815 0
1.086913 0
1.087975 0
1.089076 0
1.090167 0
1.091268 0
1.092348 0
1.093456 0
1.094520 0
1.095652 0
1.096716 0
1.097899 0
1.098963 0
1.100031 0
1.101088 0
1.102133 0
1.103199 0
1.104301 0
1.105353 0
1.106686 0
1.107745 0
1.108797 0
1.109856 0
1.110913 0
1.111935 0
1.113021 0
1.114090 0
1.115148 0
1.116207 0
1.117268 0
1.118329 0
1.119401 0
1.120497 0
1.121595 0
1.122751 0
1.123889 0
1.125025 0
1.126173 0
1.127243 0
1.128348 0
1.129416 0
1.130439 0
1.131487 0
1.132545 0
1.133595 0
1.134682 0
1.135780 0
1.136871 0
1.138000 0
1.139097 0
1.140193 0
1.141337 0
1.142439 0
1.143556 0
1.144732 0
1.145846 0
1.146923 0
1.148047 0
1.149125 0
1.150201 0
1.151328 0
1.152420 0
1.153570 0
1.154695 0
1.155775 0
1.156860 0
1.157888 0
1.158946 0
1.159963 0
1.161014 0
1.162078 0
1.163134 0
1.164275 0
1.165361 0
1.166469 0
1.167663 0
1.168722 0
1.169909 0
1.170978 0
1.172159 0
1.173265 0
1.174422 0
1.175506 0
1.176638 0
1.177779 0
1.178869 0
1.180009 0
1.181087 0
1.182172 0
1.183314 0
1.184393 0
1.185561 0
1.186658 0
1.187761 0
1.188882 0
1.189967 0
1.191087 0
1.192235 0
1.193382 0
1.194501 0
1.195580 0
1.196687 0
1.197811 0
1.198904 0
1.199954 0
1.201082 0
1.202236 0
1.203338 0
1.204468 0
1.205599 0
1.206712 0
1.207841 0
1.209032 0
1.210137 0
1.211198 0
1.212293 0
1.213374 0
1.214553 0
1.215705 0
1.216840 0
1.217920 0
1.219017 0
1.220112 0
1.221199 0
1.222299 0
1.223353 0
1.224401 0
1.225538 0
1.226650 0
1.227717 0
1.228849 0
1.229915 0
1.230997 0
1.232060 0
1.233138 0
1.234207 0
1.235315 0
1.236422 0
1.237577 0
1.238644 0
1.239821 0
1.240913 0
1.242093 0
1.243305 0
1.244387 0
1.245438 0
1.246516 0
1.247560 0
1.248604 0
1.249675 0
1.250729 0
1.251788 0
1.252847 0
1.253904 0
1.254948 0
1.256012 0
1.257069 0
1.258126 0
1.259179 0
1.260266 0
1.261352 0
1.262445 0
1.263526 0
1.264622 0
1.265685 0
1.266779 0
1.267892 0
1.269004 0
1.270142 0
1.271274 0
1.272398 0
1.273454 0
1.274527 0
1.275626 0
1.276732 0
1.277801 0
1.278876 0
1.279994 0
1.281120 0
1.282243 0
1.283398 0
1.284508 0
1.285662 0
1.286755 0
1.287918 0
1.289075 0
1.290155 0
1.291302 0
1.292431 0
1.293521 0
1.294594 0
1.295755 0
1.296865 0
1.298015 0
1.299130 0
1.300231 0
1.301290 0
1.302367 0
1.303496 0
1.304651 0
1.305808 0
1.306870 0
1.308047 0
1.309186 0
1.310295 0
1.311362 0
1.312465 0
1.313569 0
1.314678 0
1.315768 0
1.316918 0
1.318076 0
1.319225 0
1.320377 0
1.321505 0
1.322651 0
1.323712 0
1.324838 0
1.325911 0
1.326928 0
1.327960 0
1.328992 0
1.330052 0
1.331116 0
1.332219 0
1.333348 0
1.334427 0
1.335523 0
1.336608 0
1.337774 0
1.338856 0
1.340032 0
1.341182 0
1.342350 0
1.343507 0
1.344561 0
1.345672 0
1.346777 0
1.347942 0
1.349018 0
1.350119 0
1.351204 0
1.352386 0
1.353470 0
1.354543 0
1.355619 0
1.356742 0
1.357835 0
1.358928 0
1.360025 0
1.361134 0
1.362315 0
1.363392 0
1.364557 0
1.365680 0
1.366770 0
1.367850 0
1.368964 0
1.370067 0
1.371247 0
1.372339 0
1.373428 0
1.374560 0
1.375712 0
1.376800 0
1.377937 0
1.379027 0
1.380147 0
1.381252 0
1.382328 0
1.383446 0
1.384568 0
1.385710 0
1.386783 0
1.387927 0
1.389026 0
1.390140 0
1.391237 0
1.392421 0
1.393578 0
1.394683 0
1.395832 0
1.396966 0
1.398120 0
1.399267 0
1.400362 0
1.401418 0
1.402491 0
1.403558 0
1.404711 0
1.405798 0
1.406873 0
1.407946 0
1.408977 0
1.410003 0
1.411040 0
1.412121 0
1.413235 0
1.414357 0
1.415511 0
1.416659 0
1.417800 0
1.418908 0
1.419935 0
1.421001 0
1.422069 0
1.423241 0
1.424343 0
1.425506 0
1.426579 0
1.427724 0
1.428843 0
1.429989 0
1.431103 0
1.432241 0
1.433330 0
1.434502 0
1.435648 0
1.436762 0
1.437889 0
1.439000 0
1.440119 0
1.441225 0
1.442383 0
1.443503 0
1.444652 0
1.445765 0
1.446874 0
1.448027 0
1.449198 0
1.450339 0
1.451505 0
1.452600 0
1.453724 0
1.454792 0
1.455860 0
1.457017 0
1.458090 0
1.459116 0
1.460180 0
1.461208 0
1.462238 0
1.463396 0
1.464565 0
1.465674 0
1.466766 0
1.467939 0
1.469095 0
1.470236 0
1.471339 0
1.472498 0
1.473574 0
1.474612 0
1.475679 0
1.476751 0
1.477817 0
1.478878 0
1.479935 0
1.480993 0
1.482091 0
1.483203 0
1.484315 0
1.485420 0
1.486497 0
1.487553 0
1.488616 0
1.489752 0
1.490791 0
1.491842 0
1.492924 0
1.494012 0
1.495077 0
1.496140 0
1.497200 0
1.498260 0
1.499314 0
1.500358 0
1.501418 0
1.502471 0
1.503532 0
1.504587 0
1.505645 0
1.506821 0
1.507891 0
1.508947 0
1.510011 0
1.511037 0
1.512135 0
1.513222 0
1.514285 0
1.515422 0
1.516510 0
1.517597 0
1.518668 0
1.519760 0
1.520865 0
1.521932 0
1.523000 0
1.524062 0
1.525128 0
1.526191 0
1.527291 0
1.528365 0
1.529455 0
1.530526 0
1.531615 0
1.532703 0
1.533812 0
1.534899 0
1.535975 0
1.537092 0
1.538204 0
1.539315 0
1.540474 0
1.541625 0
1.542766 0
1.543886 0
1.544954 0
1.546086 0
1.547168 0
1.548283 0
1.549461 0
1.550571 0
1.551602 0
1.552738 0
1.553829 0
1.554933 0
1.556048 0
1.557154 0
1.558236 0
1.559306 0
1.560488 0
1.561538 0
1.562610 0
1.563671 0
1.564736 0
1.565770 0
1.566801 0
1.567863 0
1.568926 0
1.569991 0
1.571044 0
1.572114 0
1.573181 0
1.574251 0
1.575292 0
1.576363 0
1.577489 0
1.578564 0
1.579682 0
1.580796 0
1.581987 0
1.583058 0
1.584236 0
1.585391 0
1.586496 0
1.587579 0
1.588683 0
1.589833 0
1.590906 0
1.592049 0
1.593141 0
1.594216 0
1.595320 0
1.596502 0
1.597576 0
1.598668 0
1.599771 0
1.600957 0
1.602028 0
1.603190 0
1.604286 0
1.605348 0
1.606480 0
1.607536 0
1.608663 0
1.609757 0
1.610824 0
1.611922 0
1.613093 0
1.614174 0
1.615272 0
1.616385 0
1.617513 0
1.618594 0
1.619674 0
1.620736 0
1.621912 0
1.622984 0
1.624116 0
1.625293 0
1.626466 0
1.627639 0
1.628761 0
1.629816 0
1.630902 0
1.632023 0
1.633082 0
1.634169 0
1.635260 0
1.636458 0
1.637559 0
1.638639 0
1.639744 0
1.640923 0
1.642085 0
1.643169 0
1.644314 0
1.645421 0
1.646542 0
1.647623 0
1.648771 0
1.649828 0
1.650924 0
1.652074 0
1.653213 0
1.654280 0
1.655448 0
1.656520 0
1.657698 0
1.658741 0
1.659861 0
1.660908 0
1.661986 0
1.663051 0
1.664128 0
1.665199 0
1.666327 0
1.667380 0
1.668432 0
1.669476 0
1.670556 0
1.671627 0
1.672684 0
1.673745 0
1.674806 0
1.675849 0
1.676916 0
1.678064 0
1.679135 0
1.680234 0
1.681365 0
1.682518 0
1.683668 0
1.684825 0
1.685984 0
1.687061 0
1.688182 0
1.689344 0
1.690483 0
1.691570 0
1.692702 0
1.693784 0
1.694856 0
1.695965 0
1.697141 0
1.698287 0
1.699441 0
1.700584 0
1.701674 0
1.702770 0
1.703831 0
1.704891 0
1.705967 0
1.707037 0
1.708111 0
1.709179 0
1.710317 0
1.711395 0
1.712454 0
1.713511 0
1.714551 0
1.715620 0
1.716658 0
1.717718 0
1.718750 0
1.719860 0
1.720963 0
1.722080 0
1.723184 0
1.724315 0
1.725394 0
1.726551 0
1.727694 0
1.728781 0
1.729840 0
1.730890 0
1.732065 0
1.733186 0
1.734253 0
1.735314 0
1.736422 0
1.737590 0
1.738675 0
1.739754 0
1.740863 0
1.742010 0
1.743165 0
1.744260 0
1.745413 0
1.746593 0
1.747656 0
1.748792 0
1.749970 0
1.751030 0
1.752080 0
1.753178 0
1.754323 0
1.755387 0
1.756428 0
1.757567 0
1.758591 0
1.759675 0
1.760768 0
1.761847 0
1.762939 0
1.764050 0
1.765184 0
1.766274 0
1.767425 0
1.768519 0
1.769663 0
1.770730 0
1.771911 0
1.772988 0
1.774077 0
1.775180 0
1.776362 0
1.777515 0
1.778594 0
1.779675 0
1.780821 0
1.781970 0
1.783052 0
1.784164 0
1.785265 0
1.786360 0
1.787417 0
1.788485 0
1.789551 0
1.790604 0
1.791707 0
1.792787 0
1.793850 0
1.794922 0
1.795991 0
1.797094 0
1.798178 0
1.799293 0
1.800404 0
1.801494 0
1.802576 0
1.803680 0
1.804795 0
1.805897 0
1.806989 0
1.808098 0
1.809162 0
1.810228 0
1.811284 0
1.812328 0
1.813354 0
1.814427 0
1.815495 0
1.816570 0
1.817747 0
1.818827 0
1.819948 0
1.821045 0
1.822155 0
1.823308 0
1.824414 0
1.825582 0
1.826645 0
1.827756 0
1.828817 0
1.829929 0
1.830995 0
1.832112 0
1.833259 0
1.834377 0
1.835500 0
1.836774 0
1.837834 0
1.838892 0
1.839951 0
1.841010 0
1.842069 0
1.843127 0
1.844187 0
1.845246 0
1.846306 0
1.847364 0
1.848423 0
1.849482 0
1.850542 0
1.851618 0
1.852733 0
1.853858 0
1.854916 0
1.855971 0
1.857024 0
1.858076 0
1.859116 0
1.860184 0
1.861240 0
1.862300 0
1.863383 0
1.864418 0
1.865490 0
1.866560 0
1.867601 0
1.868668 0
1.869724 0
1.870779 0
1.871872 0
1.872935 0
1.874003 0
1.875072 0
1.876127 0
1.877220 0
1.878370 0
1.879450 0
1.880605 0
1.881697 0
1.882797 0
1.883952 0
1.885029 0
1.886189 0
1.887240 0
1.888316 0
1.889392 0
1.890536 0
1.891614 0
1.892783 0
1.893871 0
1.894977 0
1.896096 0
1.897216 0
1.898433 0
1.899509 0
1.900642 0
1.901765 0
1.902857 0
1.903898 0
1.904953 0
1.906010 0
1.907107 0
1.908169 0
1.909231 0
1.910291 0
1.911349 0
1.912421 0
1.913525 0
1.914579 0
1.915646 0
1.916723 0
1.917811 0
1.918894 0
1.920003 0
1.921123 0
1.922228 0
1.923378 0
1.924469 0
1.925567 0
1.926636 0
1.927750 0
1.928852 0
1.929925 0
1.931012 0
1.932077 0
1.933141 0
1.934235 0
1.935321 0
1.936528 0
1.937580 0
1.938629 0
1.939689 0
1.940750 0
1.941804 0
1.942871 0
1.943920 0
1.944987 0
1.946109 0
1.947208 0
1.948308 0
1.949401 0
1.950518 0
1.951620 0
1.952762 0
1.953869 0
1.954929 0
1.955997 0
1.957097 0
1.958255 0
1.959392 0
1.960460 0
1.961523 0
1.962592 0
1.963760 0
1.964854 0
1.965995 0
1.967091 0
1.968295 0
1.969428 0
1.970553 0
1.971674 0
1.972767 0
1.973889 0
1.974945 0
1.976107 0
1.977236 0
1.978376 0
1.979468 0
1.980648 0
1.981703 0
1.982797 0
1.983901 0
1.985050 0
1.986160 0
1.987307 0
1.988462 0
1.989547 0
1.990610 0
1.991663 0
1.992718 0
1.993803 0
1.994849 0
1.995912 0
1.996967 0
1.998001 0
1.999050 0
2.000097 0
2.001158 0
2.002211 0
2.003278 0
2.004393 0
2.005443 0
2.006493 0
2.007512 0
2.008581 0
2.009647 0
2.010706 0
2.011760 0
2.012825 0
2.013904 0
2.014973 0
2.016065 0
2.017154 0
2.018249 0
2.019328 0
2.020465 0
2.021563 0
2.022621 0
2.023682 0
2.024754 0
2.025869 0
2.026933 0
2.028005 0
2.029069 0
2.030160 0
2.031260 0
2.032358 0
2.033454 0
2.034516 0
2.035556 0
2.036659 0
2.037761 0
2.038853 0
2.039921 0
2.040953 0
2.042035 0
2.043125 0
2.044215 0
2.045299 0
2.046375 0
2.047475 0
2.048572 0
2.049629 0
2.050695 0
2.051766 0
2.052877 0
2.053982 0
2.055083 0
2.056188 0
2.057294 0
2.058406 0
2.059465 0
2.060524 0
2.061583 0
2.062641 0
2.063663 0
2.064766 0
2.065865 0
2.066962 0
2.068019 0
2.069142 0
2.070211 0
2.071321 0
2.072390 0
2.073502 0
2.074566 0
2.075653 0
2.076717 0
2.078256 0
2.079300 0
2.080392 0
2.081497 0
2.082559 0
2.083643 0
2.084718 0
2.085819 0
2.086878 0
2.087930 0
2.088992 0
2.090049 0
2.091126 0
2.092205 0
2.093275 0
2.094359 0
2.095453 0
2.096517 0
2.097615 0
2.098713 0
2.099799 0
2.100887 0
2.101953 0
2.103039 0
2.104135 0
2.105229 0
2.106323 0
2.109997 0
2.111975 0
2.113040 0
2.114102 0
2.115155 0
2.116205 0
2.117296 0
2.118415 0
2.119510 0
2.120604 0
2.121701 0
2.122795 0
2.123871 0
2.124955 0
2.126039 0
2.127120 0
2.128170 0
2.129273 0
2.130326 0
2.131413 0
2.132516 0
2.133609 0
2.134778 0
2.135832 0
2.136890 0
2.137958 0
2.139036 0
2.140131 0
2.141222 0
2.142321 0
2.143412 0
2.144505 0
2.145597 0
2.146691 0
2.147781 0
2.148839 0
2.149968 0
2.150982 0
2.152085 0
2.153178 0
2.154270 0
2.155334 0
2.156424 0
2.157515 0
2.158607 0
2.159663 0
2.160721 0
2.161758 0
2.162832 0
2.163900 0
2.165014 0
2.166117 0
2.167210 0
2.168299 0
2.169412 0
2.170470 0
2.171550 0
2.172645 0
2.173759 0
2.174844 0
2.175938 0
2.177026 0
2.178051 0
2.179117 0
2.180178 0
2.181236 0
2.182298 0
2.183362 0
2.184421 0
2.185476 0
2.186530 0
2.187597 0
2.188664 0
2.189724 0
2.190811 0
2.192001 0
2.193091 0
2.194193 0
2.195298 0
2.196391 0
2.197497 0
2.198565 0
2.199756 0
2.200866 0
2.201929 0
2.202986 0
2.204018 0
2.205044 0
2.206113 0
2.207177 0
2.208235 0
2.209294 0
2.210347 0
2.211395 0
2.212454 0
2.213515 0
2.214571 0
2.215624 0
2.216680 0
2.217753 0
2.218814 0
2.219882 0
2.220954 0
2.222047 0
2.223153 0
2.224257 0
2.225356 0
2.226537 0
2.227638 0
2.228774 0
2.229886 0
2.230946 0
2.231985 0
2.233139 0
2.234223 0
2.235318 0
2.236418 0
2.237591 0
2.238672 0
2.239849 0
2.241001 0
2.242153 0
2.243302 0
2.244369 0
2.245439 0
2.246513 0
2.247585 0
2.248729 0
2.249805 0
2.250831 0
2.251899 0
2.253032 0
2.254090 0
2.255155 0
2.256177 0
2.257228 0
2.258303 0
2.259349 0
2.260420 0
2.261525 0
2.262589 0
2.263643 0
2.264681 0
2.265739 0
2.266776 0
2.267836 0
2.268921 0
2.269987 0
2.271086 0
2.272198 0
2.273354 0
2.274451 0
2.275574 0
2.276784 0
2.277916 0
2.278997 0
2.280080 0
2.281228 0
2.282347 0
2.283468 0
2.284584 0
2.285731 0
2.286804 0
2.287918 0
2.289025 0
2.290142 0
2.291254 0
2.292371 0
2.293562 0
2.294668 0
2.295702 0
2.296767 0
2.297883 0
2.298957 0
2.300046 0
2.301179 0
2.302278 0
2.303362 0
2.304414 0
2.305477 0
2.306532 0
2.307592 0
2.308634 0
2.309699 0
2.310798 0
2.311903 0
2.313096 0
2.314156 0
2.315249 0
2.316317 0
2.317457 0
2.318523 0
2.319618 0
2.320715 0
2.321871 0
2.322969 0
2.324064 0
2.325227 0
2.326295 0
2.327432 0
2.328526 0
2.329621 0
2.330728 0
2.331902 0
2.332988 0
2.334089 0
2.335178 0
2.336278 0
2.337475 0
2.338575 0
2.339742 0
2.340843 0
2.341940 0
2.343018 0
2.344171 0
2.345242 0
2.346440 0
2.347499 0
2.348627 0
2.349719 0
2.350822 0
2.351938 0
2.353119 0
2.354219 0
2.355402 0
2.356494 0
2.357569 0
2.358631 0
2.359693 0
2.360814 0
2.361883 0
2.362944 0
2.363961 0
2.365005 0
2.366067 0
2.367129 0
2.368193 0
2.369251 0
2.370277 0
2.371318 0
2.372382 0
2.373432 0
2.374489 0
2.375547 0
2.376606 0
2.377666 0
2.378725 0
2.379788 0
2.380840 0
2.381923 0
2.383025 0
2.384181 0
2.385335 0
2.386437 0
2.387501 0
2.388636 0
2.389722 0
2.390780 0
2.391974 0
2.393085 0
2.394210 0
2.395278 0
2.396392 0
2.397493 0
2.398600 0
2.399693 0
2.400883 0
2.401979 0
2.403055 0
2.404157 0
2.405257 0
2.406332 0
2.407503 0
2.408628 0
2.409688 0
2.410724 0
2.411792 0
2.412853 0
2.413916 0
2.414975 0
2.416036 0
2.417079 0
2.418145 0
2.419210 0
2.420269 0
2.421385 0
2.422449 0
2.423658 0
2.424715 0
2.425851 0
2.426929 0
2.428069 0
2.429137 0
2.430312 0
2.431373 0
2.432460 0
2.433582 0
2.434653 0
2.435835 0
2.436888 0
2.438032 0
2.439105 0
2.440175 0
2.441271 0
2.442371 0
2.443434 0
2.444665 0
2.445712 0
2.446787 0
2.447861 0
2.448965 0
2.450024 0
2.451063 0
2.452151 0
2.453215 0
2.454348 0
2.455415 0
2.456493 0
2.457566 0
2.458608 0
2.459651 0
2.460720 0
2.461790 0
2.462899 0
2.463975 0
2.465024 0
2.466108 0
2.467241 0
2.468335 0
2.469407 0
2.470467 0
2.471545 0
2.472639 0
2.473716 0
2.474780 0
2.475868 0
2.476952 0
2.478076 0
2.479137 0
2.480205 0
2.481290 0
2.482376 0
2.483426 0
2.484503 0
2.485594 0
2.486642 0
2.487723 0
2.488768 0
2.489856 0
2.490936 0
2.492019 0
2.493110 0
2.494207 0
2.495306 0
2.496365 0
2.497428 0
2.498492 0
2.499552 0
2.500624 0
2.501746 0
2.502837 0
2.503928 0
2.505067 0
2.506214 0
2.507271 0
2.508379 0
2.509453 0
2.510532 0
2.511612 0
2.512690 0
2.513788 0
2.514889 0
2.515979 0
2.517072 0
2.518151 0
2.519215 0
2.520310 0
2.521407 0
2.522516 0
2.523651 0
2.524784 0
2.525845 0
2.526892 0
2.527918 0
2.528964 0
2.530016 0
2.531132 0
2.532214 0
2.533346 0
2.534459 0
2.535580 0
2.536677 0
2.537757 0
2.538823 0
2.539894 0
2.540961 0
2.542028 0
2.543056 0
2.544163 0
2.545265 0
2.546359 0
2.547537 0
2.548630 0
2.549751 0
2.550798 0
2.551967 0
2.553072 0
2.554155 0
2.555262 0
2.556367 0
2.557434 0
2.558567 0
2.559669 0
2.560856 0
2.561905 0
2.562952 0
2.564059 0
2.565171 0
2.566300 0
2.567403 0
2.568508 0
2.569612 0
2.570682 0
2.571813 0
2.572961 0
2.574086 0
2.575155 0
2.576242 0
2.577348 0
2.578512 0
2.579613 0
2.580670 0
2.581844 0
2.582915 0
2.584072 0
2.585161 0
2.586258 0
2.587450 0
2.588558 0
2.589629 0
2.590801 0
2.591911 0
2.593021 0
2.594164 0
2.595257 0
2.596343 0
2.597419 0
2.598565 0
2.599643 0
2.600735 0
2.601854 0
2.602967 0
2.604028 0
2.605149 0
2.606398 0
2.607463 0
2.608539 0
2.609600 0
2.610668 0
2.611723 0
2.612829 0
2.613937 0
2.615015 0
2.616164 0
2.617234 0
2.618321 0
2.619406 0
2.620510 0
2.621623 0
2.622723 0
2.623835 0
2.625008 0
2.626150 0
2.627294 0
2.628437 0
2.629542 0
2.630596 0
2.631664 0
2.632737 0
2.633792 0
2.634853 0
2.635912 0
2.636964 0
2.638008 0
2.639067 0
2.640123 0
2.641209 0
2.642370 0
2.643442 0
2.644611 0
2.645701 0
2.646778 0
2.647889 0
2.649079 0
2.650238 0
2.651394 0
2.652555 0
2.653639 0
2.654788 0
2.655869 0
2.656938 0
2.658014 0
2.659099 0
2.660215 0
2.661321 0
2.662410 0
2.663522 0
2.664603 0
2.665761 0
2.666829 0
2.667961 0
2.669074 0
2.670224 0
2.671381 0
2.672496 0
2.673654 0
2.674722 0
2.675783 0
2.676897 0
2.677961 0
2.679032 0
2.680127 0
2.681210 0
2.682342 0
2.683477 0
2.684618 0
2.685751 0
2.686833 0
2.688009 0
2.689155 0
2.690229 0
2.691383 0
2.692574 0
2.693635 0
2.694707 0
2.695742 0
2.696797 0
2.697835 0
2.698862 0
2.699888 0
2.700953 0
2.702036 0
2.703114 0
2.704204 0
2.705312 0
2.706420 0
2.707475 0
2.708653 0
2.709707 0
2.710753 0
2.711811 0
2.712869 0
2.713927 0
2.714986 0
2.716015 0
2.717121 0
2.718217 0
2.719288 0
2.720361 0
2.721456 0
2.722523 0
2.723593 0
2.724674 0
2.725775 0
2.726836 0
2.727908 0
2.728973 0
2.730067 0
2.731141 0
2.732228 0
2.733316 0
2.734385 0
2.735466 0
2.736574 0
2.737657 0
2.738738 0
2.739847 0
2.740934 0
2.742018 0
2.743107 0
2.744195 0
2.745280 0
2.746369 0
2.747438 0
2.748526 0
2.749634 0
2.750732 0
2.751827 0
2.752921 0
2.753985 0
2.755072 0
2.756142 0
2.757238 0
2.758342 0
2.759436 0
2.760511 0
2.761578 0
2.762673 0
2.763775 0
2.764878 0
2.765977 0
2.767070 0
2.768146 0
2.769224 0
2.770306 0
2.771391 0
2.772476 0
2.773546 0
2.774613 0
2.775671 0
2.776746 0
2.777843 0
2.778882 0
2.779979 0
2.781047 0
2.782130 0
2.783230 0
2.784355 0
2.785457 0
2.786509 0
2.787544 0
2.788616 0
2.789694 0
2.790742 0
2.791804 0
2.792869 0
2.793937 0
2.794997 0
2.796080 0
2.797161 0
2.798238 0
2.799282 0
2.800402 0
2.801498 0
2.802550 0
2.803636 0
2.804721 0
2.805780 0
2.806958 0
2.808015 0
2.809073 0
2.810136 0
2.811191 0
2.812252 0
2.813310 0
2.814443 0
2.815502 0
2.816563 0
2.817650 0
2.818733 0
2.819845 0
2.820908 0
2.821969 0
2.823030 0
2.824085 0
2.825124 0
2.826185 0
2.827232 0
2.828293 0
2.829368 0
2.830413 0
2.831484 0
2.832559 0
2.833704 0
2.834812 0
2.835954 0
2.837058 0
2.838201 0
2.839314 0
2.840406 0
2.841529 0
2.842614 0
2.843727 0
2.844836 0
2.845952 0
2.847081 0
2.848254 0
2.849410 0
2.850492 0
2.851609 0
2.852666 0
2.853747 0
2.854846 0
2.855906 0
2.856966 0
2.857987 0
2.859053 0
2.860118 0
2.861173 0
2.862223 0
2.863266 0
2.864345 0
2.865432 0
2.866508 0
2.867602 0
2.868695 0
2.869854 0
2.870911 0
2.872016 0
2.873128 0
2.874233 0
2.875336 0
2.876384 0
2.877451 0
2.878513 0
2.879578 0
2.880645 0
2.881700 0
2.882748 0
2.883784 0
2.884848 0
2.885919 0
2.886980 0
2.888073 0
2.889141 0
2.890234 0
2.891339 0
2.892511 0
2.893597 0
2.894719 0
2.895819 0
2.896994 0
2.898057 0
2.899165 0
2.900340 0
2.901402 0
2.902549 0
2.903684 0
2.904753 0
2.905792 0
2.906852 0
2.907928 0
2.909032 0
2.910093 0
2.911153 0
2.912205 0
2.913305 0
2.914380 0
2.915452 0
2.916539 0
2.917646 0
2.918744 0
2.919907 0
2.921049 0
2.922146 0
2.923208 0
2.924268 0
2.925327 0
2.926383 0
2.927439 0
2.928495 0
2.929534 0
2.930639 0
2.931825 0
2.932901 0
2.934086 0
2.935167 0
2.936349 0
2.937510 0
2.938583 0
2.939758 0
2.940882 0
2.942008 0
2.943101 0
2.944247 0
2.945335 0
2.946519 0
2.947641 0
2.948752 0
2.949900 0
2.950995 0
2.952161 0
2.953319 0
2.954463 0
2.955557 0
2.956613 0
2.957675 0
2.958750 0
2.959815 0
2.960882 0
2.961924 0
2.963001 0
2.964079 0
2.965196 0
2.966294 0
2.967474 0
2.968558 0
2.969729 0
2.970806 0
2.971988 0
2.973153 0
2.974207 0
2.975265 0
2.976363 0
2.977522 0
2.978596 0
2.979664 0
2.980741 0
2.981876 0
2.982965 0
2.984124 0
2.985191 0
2.986274 0
2.987386 0
2.988515 0
2.989605 0
2.990642 0
2.991702 0
2.992809 0
2.993914 0
2.994983 0
2.996063 0
2.997162 0
2.998239 0
2.999305 0
3.000399 0
3.001451 0
3.002544 0
3.003606 0
3.004666 0
3.005724 0
3.006785 0
3.007843 0
3.008900 0
3.009962 0
3.011022 0
3.012079 0
3.013113 0
3.014197 0
3.015244 0
3.016303 0
3.017318 0
3.018375 0
3.019440 0
3.020502 0
3.021548 0
3.022607 0
3.023668 0
3.024724 0
3.025887 0
3.026971 0
3.028042 0
3.029185 0
3.030249 0
3.031306 0
3.032361 0
3.033416 0
3.034473 0
3.035532 0
3.036589 0
3.037646 0
3.038703 0
3.039761 0
3.040818 0
3.041873 0
3.042936 0
3.043999 0
3.045024 0
3.046087 0
3.047125 0
3.048194 0
3.049258 0
3.050317 0
3.051373 0
3.052425 0
3.053546 0
3.054638 0
3.055717 0
3.056826 0
3.057941 0
3.059063 0
3.060146 0
3.061217 0
3.062435 0
3.063552 0
3.064616 0
3.065662 0
3.066733 0
3.067788 0
3.068828 0
3.069891 0
3.070935 0
3.072019 0
3.073045 0
3.074112 0
3.075149 0
3.076201 0
3.077304 0
3.078426 0
3.079513 0
3.080640 0
3.081793 0
3.082880 0
3.083967 0
3.085066 0
3.086141 0
3.087310 0
3.088421 0
3.089543 0
3.090623 0
3.091664 0
3.092743 0
3.093816 0
3.095144 0
3.096213 0
3.097278 0
3.098338 0
3.099423 0
3.100487 0
3.101550 0
3.102610 0
3.103658 0
3.104764 0
3.105828 0
3.107376 0
3.108472 0
3.109523 0
3.110572 0
3.111642 0
3.112683 0
3.113742 0
3.114805 0
3.115870 0
3.116959 0
3.118048 0
3.119145 0
3.120238 0
3.121334 0
3.122437 0
3.123519 0
3.124616 0
3.125682 0
3.126742 0
3.127786 0
3.128882 0
3.129956 0
3.131020 0
3.132093 0
3.133172 0
3.134236 0
3.135333 0
3.136429 0
3.137525 0
3.138620 0
3.139716 0
3.140789 0
3.141857 0
3.142938 0
3.144023 0
3.145114 0
3.146207 0
3.147298 0
3.148391 0
3.149484 0
3.150580 0
3.151675 0
3.152750 0
3.153831 0
3.154895 0
3.155959 0
3.157037 0
3.158126 0
3.159185 0
3.160285 0
3.161595 0
3.162686 0
3.163752 0
3.164814 0
3.165874 0
3.166935 0
3.168036 0
3.169138 0
3.170229 0
3.171327 0
3.172428 0
3.173498 0
3.174572 0
3.175659 0
3.176748 0
3.177836 0
3.178927 0
3.180014 0
3.181103 0
3.182191 0
3.183279 0
3.184368 0
3.185458 0
3.186546 0
3.187634 0
3.188722 0
3.189810 0
3.190899 0
3.191987 0
3.193078 0
3.194167 0
3.195255 0
3.196351 0
3.197439 0
3.198499 0
3.199586 0
3.200673 0
3.201760 0
3.202847 0
3.203935 0
3.205022 0
3.206109 0
3.207196 0
3.208266 0
3.209352 0
3.210433 0
3.211520 0
3.212606 0
3.213676 0
3.214773 0
3.215848 0
3.216919 0
3.217992 0
3.219049 0
3.220121 0
3.221178 0
3.222260 0
3.223331 0
3.224414 0
3.225503 0
3.226594 0
3.227667 0
3.228779 0
3.229881 0
3.230964 0
3.232046 0
3.233100 0
3.234198 0
3.235376 0
3.236522 0
3.237694 0
3.238793 0
3.239921 0
3.241083 0
3.242158 0
3.243317 0
3.244464 0
3.245611 0
3.246681 0
3.247793 0
3.248898 0
3.250086 0
3.251245 0
3.252404 0
3.253559 0
3.254715 0
3.255784 0
3.256850 0
3.257960 0
3.259028 0
3.260148 0
3.261249 0
3.262313 0
3.263378 0
3.264429 0
3.265465 0
3.266523 0
3.267579 0
3.268635 0
3.269691 0
3.270720 0
3.271767 0
3.272877 0
3.273947 0
3.275090 0
3.276169 0
3.277272 0
3.278363 0
3.279453 0
3.280513 0
3.281569 0
3.282608 0
3.283686 0
3.284775 0
3.285855 0
3.286937 0
3.288030 0
3.289168 0
3.290199 0
3.291303 0
3.292422 0
3.293490 0
3.294551 0
3.295603 0
3.296695 0
3.297808 0
3.298905 0
3.300059 0
3.301159 0
3.302316 0
3.303408 0
3.304605 0
3.305726 0
3.306794 0
3.307915 0
3.308985 0
3.310064 0
3.311151 0
3.312301 0
3.313383 0
3.314472 0
3.315569 0
3.316735 0
3.317832 0
3.318934 0
3.320097 0
3.321221 0
3.322421 0
3.323532 0
3.324611 0
3.325731 0
3.326843 0
3.327981 0
3.329028 0
3.330090 0
3.331181 0
3.332290 0
3.333401 0
3.334471 0
3.335625 0
3.336724 0
3.337887 0
3.338972 0
3.340142 0
3.341293 0
3.342449 0
3.343584 0
3.344697 0
3.345808 0
3.346908 0
3.348078 0
3.349175 0
3.350337 0
3.351491 0
3.352653 0
3.353812 0
3.354968 0
3.356048 0
3.357173 0
3.358305 0
3.359380 0
3.360502 0
3.361594 0
3.362652 0
3.363762 0
3.364823 0
3.365889 0
3.366992 0
3.368094 0
3.369273 0
3.370363 0
3.371536 0
3.372691 0
3.373852 0
3.374931 0
3.376113 0
3.377202 0
3.378298 0
3.379466 0
3.380515 0
3.381624 0
3.382694 0
3.383826 0
3.384948 0
3.386110 0
3.387200 0
3.388331 0
3.389389 0
3.390582 0
3.391717 0
3.392836 0
3.393983 0
3.395054 0
3.396197 0
3.397275 0
3.398365 0
3.399438 0
3.400567 0
3.401680 0
3.402757 0
3.403855 0
3.404928 0
3.406003 0
3.407132 0
3.408254 0
3.409335 0
3.410449 0
3.411496 0
3.412571 0
3.413681 0
3.414737 0
3.415785 0
3.416883 0
3.417952 0
3.419049 0
3.420143 0
3.421241 0
3.422307 0
3.423406 0
3.424499 0
3.425592 0
3.426663 0
3.427768 0
3.428859 0
3.429941 0
3.431023 0
3.432105 0
3.433187 0
3.434272 0
3.435332 0
3.436404 0
3.437506 0
3.438574 0
3.439640 0
3.440732 0
3.441806 0
3.442855 0
3.443983 0
3.445046 0
3.446124 0
3.447218 0
3.448313 0
3.449405 0
3.450465 0
3.451546 0
3.452644 0
3.453740 0
3.454837 0
3.455905 0
3.456993 0
3.458083 0
3.459181 0
3.460262 0
3.461331 0
3.462423 0
3.463494 0
3.464560 0
3.465649 0
3.466747 0
3.467809 0
3.468892 0
3.469952 0
3.471046 0
3.472136 0
3.473252 0
3.474334 0
3.475425 0
3.476519 0
3.477609 0
3.478734 0
3.479805 0
3.480917 0
3.481987 0
3.483051 0
3.484124 0
3.485211 0
3.486408 0
3.487445 0
3.488500 0
3.489540 0
3.490636 0
3.491709 0
3.492761 0
3.493820 0
3.495065 0
3.496125 0
3.497179 0
3.498228 0
3.499292 0
3.500339 0
3.501403 0
3.502465 0
3.503523 0
3.504580 0
3.505636 0
3.506694 0
3.507751 0
3.508809 0
3.509851 0
3.510944 0
3.512022 0
3.513078 0
3.514149 0
3.515247 0
3.516337 0
3.517429 0
3.518494 0
3.519545 0
3.520627 0
3.521694 0
3.522779 0
3.523841 0
3.524921 0
3.525982 0
3.527074 0
3.528139 0
3.529207 0
3.531773 0
3.532870 0
3.533956 0
3.535047 0
3.536104 0
3.537182 0
3.538243 0
3.539328 0
3.540398 0
3.541487 0
3.542547 0
3.543624 0
3.544712 0
3.545804 0
3.546899 0
3.547992 0
3.549085 0
3.550180 0
3.551273 0
3.552368 0
3.553462 0
3.554555 0
3.555633 0
3.556720 0
3.557812 0
3.558869 0
3.559953 0
3.561026 0
3.562117 0
3.563227 0
3.564329 0
3.565397 0
3.566459 0
3.567535 0
3.568625 0
3.569716 0
3.570805 0
3.571917 0
3.573019 0
3.574116 0
3.575209 0
3.576300 0
3.577398 0
3.578465 0
3.579536 0
3.580602 0
3.581652 0
3.582716 0
3.583777 0
3.584861 0
3.585956 0
3.587078 0
3.588172 0
3.589266 0
3.590359 0
3.591429 0
3.592509 0
3.593629 0
3.594705 0
3.595800 0
3.596881 0
3.597968 0
3.599053 0
3.600137 0
3.601225 0
3.602305 0
3.603394 0
3.604488 0
3.605566 0
3.606683 0
3.607732 0
3.608802 0
3.609853 0
3.610906 0
3.611933 0
3.612986 0
3.614109 0
3.615181 0
3.616324 0
3.617396 0
3.618549 0
3.619614 0
3.620795 0
3.621885 0
3.623002 0
3.624092 0
3.625310 0
3.626454 0
3.627524 0
3.628638 0
3.629711 0
3.630773 0
3.631879 0
3.632935 0
3.634061 0
3.635232 0
3.636314 0
3.637428 0
3.638510 0
3.639645 0
3.640833 0
3.641959 0
3.643041 0
3.644227 0
3.645386 0
3.646503 0
3.647634 0
3.648771 0
3.649856 0
3.651017 0
3.652142 0
3.653226 0
3.654382 0
3.655550 0
3.656618 0
3.657805 0
3.658969 0
3.660127 0
3.661194 0
3.662303 0
3.663384 0
3.664539 0
3.665630 0
3.666691 0
3.667750 0
3.668805 0
3.669880 0
3.670968 0
3.672084 0
3.673151 0
3.674244 0
3.675324 0
3.676449 0
3.677533 0
3.678604 0
3.679710 0
3.680841 0
3.681925 0
3.683032 0
3.684105 0
3.685244 0
3.686339 0
3.687459 0
3.688560 0
3.689646 0
3.690737 0
3.691884 0
3.692999 0
3.694101 0
3.695197 0
3.696359 0
3.697508 0
3.698572 0
3.699729 0
3.700850 0
3.701954 0
3.703058 0
3.704156 0
3.705264 0
3.706361 0
3.707474 0
3.708565 0
3.709642 0
3.710698 0
3.711803 0
3.712977 0
3.714060 0
3.715152 0
3.716229 0
3.717348 0
3.718530 0
3.719617 0
3.720766 0
3.721880 0
3.722998 0
3.724102 0
3.725279 0
3.726380 0
3.727549 0
3.728703 0
3.729856 0
3.731011 0
3.732147 0
3.733212 0
3.734307 0
3.735461 0
3.736525 0
3.737690 0
3.738807 0
3.739965 0
3.741052 0
3.742140 0
3.743235 0
3.744420 0
3.745576 0
3.746660 0
3.747836 0
3.749020 0
3.750168 0
3.751234 0
3.752352 0
3.753434 0
3.754594 0
3.755692 0
3.756793 0
3.757899 0
3.759086 0
3.760155 0
3.761342 0
3.762436 0
3.763640 0
3.764782 0
3.765962 0
3.767040 0
3.768076 0
3.769133 0
3.770209 0
3.771312 0
3.772498 0
3.773661 0
3.774774 0
3.775939 0
3.776988 0
3.778140 0
3.779312 0
3.780428 0
3.781570 0
3.782683 0
3.783831 0
3.784918 0
3.786088 0
3.787162 0
3.788358 0
3.789450 0
3.790628 0
3.791698 0
3.792741 0
3.793804 0
3.794873 0
3.795939 0
3.797001 0
3.798046 0
3.799097 0
3.800234 0
3.801287 0
3.802322 0
3.803384 0
3.804441 0
3.805498 0
3.806555 0
3.807588 0
3.808695 0
3.809751 0
3.810811 0
3.811869 0
3.812938 0
3.813985 0
3.815049 0
3.816097 0
3.817147 0
3.818218 0
3.819333 0
3.820400 0
3.821574 0
3.822640 0
3.823826 0
3.824945 0
3.826029 0
3.827192 0
3.828357 0
3.829479 0
3.830556 0
3.831730 0
3.832833 0
3.833984 0
3.835048 0
3.836137 0
3.837213 0
3.838373 0
3.839455 0
3.840638 0
3.841791 0
3.842953 0
3.844110 0
3.845185 0
3.846317 0
3.847403 0
3.848557 0
3.849668 0
3.850829 0
3.851896 0
3.853089 0
3.854160 0
3.855337 0
3.856403 0
3.857579 0
3.858734 0
3.859810 0
3.860991 0
3.862076 0
3.863181 0
3.864319 0
3.865431 0
3.866485 0
3.867604 0
3.868666 0
3.869733 0
3.870795 0
3.871848 0
3.872912 0
3.873983 0
3.875064 0
3.876123 0
3.877205 0
3.878271 0
3.879359 0
3.880405 0
3.881496 0
3.882568 0
3.883761 0
3.884834 0
3.885959 0
3.887005 0
3.888118 0
3.889262 0
3.890372 0
3.891467 0
3.892525 0
3.893625 0
3.894707 0
3.895769 0
3.896938 0
3.898020 0
3.899129 0
3.900305 0
3.901461 0
3.902538 0
3.903629 0
3.904782 0
3.905823 0
3.906877 0
3.908147 0
3.909285 0
3.910348 0
3.911427 0
3.912483 0
3.913535 0
3.914578 0
3.915644 0
3.916708 0
3.917766 0
3.918832 0
3.919908 0
3.921050 0
3.922206 0
3.923286 0
3.924431 0
3.925586 0
3.926680 0
3.927798 0
3.928913 0
3.930050 0
3.931117 0
3.932302 0
3.933389 0
3.934565 0
3.935658 0
3.936723 0
3.937797 0
3.938988 0
3.940134 0
3.941230 0
3.942371 0
3.943438 0
3.944610 0
3.945721 0
3.946807 0
3.947936 0
3.949100 0
3.950168 0
3.951362 0
3.952520 0
3.953679 0
3.954840 0
3.955902 0
3.957024 0
3.958108 0
3.959286 0
3.960417 0
3.961515 0
3.962563 0
3.963671 0
3.964736 0
3.965931 0
3.966988 0
3.968154 0
3.969225 0
3.970433 0
3.971527 0
3.972699 0
3.973846 0
3.974902 0
3.975980 0
3.977085 0
3.978276 0
3.979339 0
3.980458 0
3.981565 0
3.982782 0
3.983911 0
3.985067 0
3.986225 0
3.987350 0
3.988471 0
3.989550 0
3.990634 0
3.991699 0
3.992814 0
3.993934 0
3.994987 0
3.996056 0
3.997100 0
3.998157 0
3.999257 0
4.000341 0
4.001417 0
4.002512 0
4.003660 0
4.004819 0
4.005971 0
4.007058 0
4.008121 0
4.009241 0
4.010301 0
4.011383 0
4.012432 0
4.013541 0
4.014586 0
4.015631 0
4.016687 0
4.017719 0
4.018778 0
4.019930 0
4.021005 0
4.022181 0
4.023270 0
4.024360 0
4.025486 0
4.026603 0
4.027796 0
4.028961 0
4.030106 0
4.031201 0
4.032283 0
4.033350 0
4.034523 0
4.035637 0
4.036725 0
4.037831 0
4.038920 0
4.039999 0
4.041107 0
4.042230 0
4.043420 0
4.044579 0
4.045742 0
4.046893 0
4.047991 0
4.049178 0
4.050224 0
4.051320 0
4.052410 0
4.053559 0
4.054664 0
4.055739 0
4.056831 0
4.057948 0
4.059006 0
4.060131 0
4.061203 0
4.062278 0
4.063384 0
4.064609 0
4.065726 0
4.066785 0
4.067838 0
4.068903 0
4.069952 0
4.071018 0
4.072238 0
4.073305 0
4.074471 0
4.075598 0
4.076673 0
4.077783 0
4.078833 0
4.079890 0
4.080953 0
4.082046 0
4.083115 0
4.084178 0
4.085247 0
4.086404 0
4.087430 0
4.088481 0
4.089543 0
4.090598 0
4.091660 0
4.092700 0
4.093770 0
4.094824 0
4.095881 0
4.096942 0
4.098004 0
4.099068 0
4.100129 0
4.101186 0
4.102226 0
4.103287 0
4.104345 0
4.105402 0
4.108377 0
4.109479 0
4.110539 0
4.111599 0
4.112663 0
4.113746 0
4.114821 0
4.115891 0
4.117000 0
4.118127 0
4.119236 0
4.120339 0
4.121443 0
4.122515 0
4.123601 0
4.124705 0
4.125795 0
4.126845 0
4.127928 0
4.129036 0
4.130104 0
4.131171 0
4.132268 0
4.133361 0
4.134468 0
4.135566 0
4.136681 0
4.137759 0
4.138857 0
4.139959 0
4.141025 0
4.142186 0
4.143275 0
4.144466 0
4.145630 0
4.146699 0
4.147847 0
4.149003 0
4.150080 0
4.151255 0
4.152378 0
4.153473 0
4.154534 0
4.155667 0
4.156736 0
4.157916 0
4.158986 0
4.160189 0
4.161329 0
4.162403 0
4.163568 0
4.164647 0
4.165733 0
4.166828 0
4.167895 0
4.168995 0
4.170181 0
4.171253 0
4.172444 0
4.173522 0
4.174715 0
4.175870 0
4.177029 0
4.178193 0
4.179266 0
4.180442 0
4.181573 0
4.182702 0
4.183774 0
4.184959 0
4.186042 0
4.187227 0
4.188379 0
4.189475 0
4.190605 0
4.191779 0
4.192930 0
4.194018 0
4.195085 0
4.196164 0
4.197323 0
4.198581 0
4.199722 0
4.200827 0
4.202006 0
4.203081 0
4.204227 0
4.205388 0
4.206540 0
4.207697 0
4.208772 0
4.209883 0
4.210987 0
4.212116 0
4.213193 0
4.214366 0
4.215440 0
4.216616 0
4.217698 0
4.218831 0
4.220009 0
4.221164 0
4.222327 0
4.223432 0
4.224562 0
4.225635 0
4.226803 0
4.227922 0
4.229082 0
4.230148 0
4.231340 0
4.232424 0
4.233609 0
4.234770 0
4.235929 0
4.237084 0
4.238179 0
4.239254 0
4.240350 0
4.241470 0
4.242513 0
4.243687 0
4.244796 0
4.245955 0
4.247030 0
4.248212 0
4.249298 0
4.250480 0
4.251673 0
4.252788 0
4.253873 0
4.255031 0
4.256097 0
4.257154 0
4.258278 0
4.259365 0
4.260437 0
4.261616 0
4.262744 0
4.263798 0
4.264882 0
4.265945 0
4.267142 0
4.268224 0
4.269389 0
4.270525 0
4.271673 0
4.272825 0
4.273986 0
4.275132 0
4.276230 0
4.277373 0
4.278447 0
4.279632 0
4.280703 0
4.281896 0
4.282979 0
4.284164 0
4.285323 0
4.286478 0
4.287640 0
4.288740 0
4.289955 0
4.291102 0
4.292174 0
4.293272 0
4.294506 0
4.295600 0
4.296821 0
4.298023 0
4.299282 0
4.300393 0
4.301568 0
4.302743 0
4.303859 0
4.305014 0
4.306126 0
4.307253 0
4.308443 0
4.309580 0
4.310800 0
4.311942 0
4.313080 0
4.314302 0
4.315461 0
4.316681 0
4.317946 0
4.319030 0
4.320116 0
4.321204 0
4.322307 0
4.323415 0
4.324492 0
4.325561 0
4.326639 0
4.327700 0
4.328761 0
4.329829 0
4.330886 0
4.331954 0
4.333024 0
4.334054 0
4.335072 0
4.336105 0
4.337170 0
4.338233 0
4.339317 0
4.342631 0
4.343697 0
4.344919 0
4.346059 0
4.347241 0
4.348303 0
4.349460 0
4.350697 0
4.351805 0
4.352948 0
4.354033 0
4.355213 0
4.356320 0
4.357511 0
4.358588 0
4.359865 0
4.360953 0
4.362073 0
4.363176 0
4.364260 0
4.365326 0
4.366361 0
4.367430 0
4.368532 0
4.370133 0
4.371222 0
4.372313 0
4.373416 0
4.374518 0
4.375621 0
4.376699 0
4.377791 0
4.378860 0
4.379951 0
4.381008 0
4.382074 0
4.383135 0
4.384195 0
4.385223 0
4.386264 0
4.387357 0
4.388427 0
4.389491 0
4.390546 0
4.391600 0
4.392627 0
4.393656 0
4.394710 0
4.395761 0
4.396818 0
4.397869 0
4.398940 0
4.400014 0
4.401201 0
4.402366 0
4.403538 0
4.404678 0
4.405784 0
4.406846 0
4.407916 0
4.409027 0
4.410515 0
4.411766 0
4.412817 0
4.413868 0
4.414944 0
4.416042 0
4.417139 0
4.418207 0
4.419299 0
4.420399 0
4.421498 0
4.422576 0
4.423645 0
4.424722 0
4.425811 0
4.426900 0
4.427987 0
4.429050 0
4.430127 0
4.431176 0
4.432272 0
4.433328 0
4.434446 0
4.435501 0
4.436575 0
4.437659 0
4.438747 0
4.439831 0
4.440920 0
4.442003 0
4.443064 0
4.444147 0
4.445206 0
4.446290 0
4.447384 0
4.448477 0
4.449567 0
4.450658 0
4.451770 0
4.452865 0
4.453963 0
4.455055 0
4.456127 0
4.457206 0
4.458291 0
4.459391 0
4.460473 0
4.462089 0
4.463181 0
4.464255 0
4.465321 0
4.466381 0
4.467473 0
4.468561 0
4.469638 0
4.470730 0
4.471823 0
4.472916 0
4.474012 0
4.475106 0
4.476167 0
4.477232 0
4.478279 0
4.479354 0
4.480435 0
4.481504 0
4.482566 0
4.483645 0
4.484739 0
4.485833 0
4.486927 0
4.488019 0
4.489089 0
4.490186 0
4.491248 0
4.492340 0
4.493411 0
4.494470 0
4.495532 0
4.496588 0
4.497662 0
4.498722 0
4.499828 0
4.500884 0
4.501915 0
4.502995 0
4.504085 0
4.505145 0
4.506234 0
4.507294 0
4.508380 0
4.509465 0
4.510543 0
4.511634 0
4.512719 0
4.513802 0
4.514884 0
4.515948 0
4.516993 0
4.518053 0
4.519119 0
4.520173 0
4.521182 0
4.522245 0
4.523314 0
4.524390 0
4.525483 0
4.526558 0
4.527643 0
4.528739 0
4.529840 0
4.530929 0
4.532028 0
4.533118 0
4.534190 0
4.535273 0
4.536338 0
4.537402 0
4.538485 0
4.539548 0
4.540584 0
4.541715 0
4.542820 0
4.543889 0
4.544975 0
4.546120 0
4.547215 0
4.548342 0
4.549402 0
4.550575 0
4.551651 0
4.552817 0
4.553938 0
4.555046 0
4.556201 0
4.557249 0
4.558304 0
4.559416 0
4.560557 0
4.561698 0
4.562797 0
4.563861 0
4.565099 0
4.566137 0
4.567259 0
4.568322 0
4.569436 0
4.570543 0
4.571644 0
4.572804 0
4.573869 0
4.574981 0
4.576094 0
4.577269 0
4.578350 0
4.579587 0
4.580761 0
4.581918 0
4.583074 0
4.584256 0
4.585385 0
4.586546 0
4.587661 0
4.588849 0
4.589924 0
4.590957 0
4.592038 0
4.593136 0
4.594238 0
4.595302 0
4.596451 0
4.597532 0
4.598732 0
4.599847 0
4.601028 0
4.602210 0
4.603382 0
4.604565 0
4.605680 0
4.606835 0
4.607971 0
4.609134 0
4.610210 0
4.611344 0
4.612470 0
4.613611 0
4.614790 0
4.615967 0
4.617139 0
4.618251 0
4.619412 0
4.620590 0
4.621733 0
4.622836 0
4.623958 0
4.625063 0
4.626185 0
4.627287 0
4.628443 0
4.629549 0
4.630744 0
4.631924 0
4.633092 0
4.634212 0
4.635369 0
4.636549 0
4.637707 0
4.638810 0
4.639883 0
4.641039 0
4.642183 0
4.643351 0
4.644442 0
4.645552 0
4.646662 0
4.647844 0
4.649018 0
4.650211 0
4.651303 0
4.652362 0
4.653496 0
4.654627 0
4.655783 0
4.656877 0
4.657907 0
4.659016 0
4.660084 0
4.661153 0
4.662234 0
4.663309 0
4.664376 0
4.665431 0
4.666459 0
4.667515 0
4.668579 0
4.669674 0
4.670747 0
4.671926 0
4.673103 0
4.674285 0
4.675369 0
4.676473 0
4.677561 0
4.678738 0
4.679843 0
4.680988 0
4.682058 0
4.683209 0
4.684311 0
4.685495 0
4.686668 0
4.687839 0
4.689023 0
4.690181 0
4.691359 0
4.692446 0
4.693565 0
4.694650 0
4.695737 0
4.696814 0
4.698000 0
4.699169 0
4.700336 0
4.701502 0
4.702683 0
4.703853 0
4.705018 0
4.706158 0
4.707284 0
4.708535 0
4.709601 0
4.710746 0
4.711823 0
4.712868 0
4.713903 0
4.714964 0
4.716018 0
4.717101 0
4.718130 0
4.719193 0
4.720260 0
4.721321 0
4.722385 0
4.723505 0
4.724562 0
4.725630 0
4.726694 0
4.727756 0
4.728819 0
4.729882 0
4.730920 0
4.731991 0
4.733057 0
4.734122 0
4.735182 0
4.736231 0
4.737269 0
4.738310 0
4.739380 0
4.740454 0
4.741522 0
4.742592 0
4.743672 0
4.744742 0
4.745930 0
4.746977 0
4.748048 0
4.749133 0
4.750359 0
4.751543 0
4.752685 0
4.753883 0
4.755148 0
4.756196 0
4.757257 0
4.758327 0
4.759396 0
4.760462 0
4.761525 0
4.762584 0
4.763643 0
4.764701 0
4.765759 0
4.766844 0
4.767922 0
4.769050 0
4.770127 0
4.771338 0
4.772423 0
4.773631 0
4.774798 0
4.775934 0
4.777078 0
4.778217 0
4.779363 0
4.780434 0
4.781635 0
4.782702 0
4.783850 0
4.785024 0
4.786186 0
4.787357 0
4.788456 0
4.789615 0
4.790764 0
4.791912 0
4.792963 0
4.794030 0
4.795103 0
4.796134 0
4.797497 0
4.798561 0
4.799609 0
4.800668 0
4.801742 0
4.802827 0
4.803903 0
4.804960 0
4.806023 0
4.807079 0
4.808130 0
4.809194 0
4.810250 0
4.811319 0
4.812383 0
4.813448 0
4.814513 0
4.815574 0
4.816609 0
4.817640 0
4.818719 0
4.819780 0
4.820878 0
4.821976 0
4.823192 0
4.824269 0
4.825393 0
4.826502 0
4.827635 0
4.828847 0
4.829910 0
4.830973 0
4.832047 0
4.833109 0
4.834168 0
4.835211 0
4.836269 0
4.837343 0
4.838432 0
4.839451 0
4.840509 0
4.841569 0
4.842628 0
4.843690 0
4.844746 0
4.845764 0
4.846827 0
4.848021 0
4.849058 0
4.850157 0
4.851257 0
4.852358 0
4.853471 0
4.854597 0
4.855699 0
4.856768 0
4.857874 0
4.858961 0
4.860140 0
4.861194 0
4.862276 0
4.863352 0
4.864461 0
4.865554 0
4.866666 0
4.867738 0
4.868952 0
4.870027 0
4.871108 0
4.872277 0
4.873431 0
4.874586 0
4.875687 0
4.876744 0
4.877832 0
4.879025 0
4.880069 0
4.881125 0
4.882183 0
4.883240 0
4.884295 0
4.885349 0
4.886431 0
4.887496 0
4.888555 0
4.889613 0
4.890668 0
4.891751 0
4.892811 0
4.893888 0
4.894994 0
4.896242 0
4.897356 0
4.898536 0
4.899658 0
4.900718 0
4.901878 0
4.902937 0
4.904105 0
4.905181 0
4.906362 0
4.907443 0
4.908507 0
4.909599 0
4.910698 0
4.911771 0
4.912833 0
4.913896 0
4.914988 0
4.916050 0
4.917100 0
4.918144 0
4.919254 0
4.920358 0
4.921424 0
4.922475 0
4.923526 0
4.924654 0
4.925721 0
4.926784 0
4.927845 0
4.928901 0
4.929944 0
4.931002 0
4.932061 0
4.933079 0
4.934128 0
4.935194 0
4.936274 0
4.937339 0
4.938402 0
4.939501 0
4.940620 0
4.941792 0
4.942949 0
4.944101 0
4.945255 0
4.946359 0
4.947497 0
4.948577 0
4.949724 0
4.950791 0
4.951902 0
4.952961 0
4.954127 0
4.955231 0
4.956335 0
4.957463 0
4.958647 0
4.959801 0
4.960965 0
4.962119 0
4.963240 0
4.964335 0
4.965466 0
4.966579 0
4.967670 0
4.968758 0
4.969917 0
4.970966 0
4.972060 0
4.973231 0
4.974322 0
4.975498 0
4.976652 0
4.977816 0
4.978972 0
4.980042 0
4.981211 0
4.982340 0
4.983480 0
4.984555 0
4.985743 0
4.986828 0
4.988010 0
4.989169 0
4.990331 0
4.991492 0
4.992608 0
4.993682 0
4.994738 0
4.995813 0
4.996875 0
4.997932 0
4.998967 0
5.000025 0
5.001084 0
5.002142 0
5.003169 0
5.004243 0
5.005355 0
5.006542 0
5.007609 0
5.008772 0
5.009850 0
5.010947 0
5.012017 0
5.013137 0
5.014256 0
5.015359 0
5.016393 0
5.017457 0
5.018515 0
5.019568 0
5.020615 0
5.021637 0
5.022700 0
5.023762 0
5.024820 0
5.025868 0
5.026907 0
5.027944 0
5.029005 0
5.030072 0
5.031151 0
5.032245 0
5.033369 0
5.034464 0
5.035565 0
5.036661 0
5.037755 0
5.038844 0
5.040004 0
5.041147 0
5.042209 0
5.043238 0
5.044276 0
5.045336 0
5.046419 0
5.047491 0
5.048517 0
5.049589 0
5.050660 0
5.051767 0
5.052856 0
5.053966 0
5.055047 0
5.056122 0
5.057186 0
5.058367 0
5.059443 0
5.060602 0
5.061698 0
5.062848 0
5.063994 0
5.065119 0
5.066207 0
5.067284 0
5.068425 0
5.069511 0
5.070604 0
5.071667 0
5.072780 0
5.073858 0
5.075063 0
5.076109 0
5.077187 0
5.078279 0
5.079381 0
5.080472 0
5.081539 0
5.082588 0
5.083661 0
5.084774 0
5.085868 0
5.087048 0
5.088117 0
5.089260 0
5.090323 0
5.091501 0
5.092647 0
5.093770 0
5.094917 0
5.095984 0
5.097046 0
5.098219 0
5.099289 0
5.100391 0
5.101508 0
5.102623 0
5.103791 0
5.104960 0
5.106084 0
5.107135 0
5.108260 0
5.109323 0
5.110452 0
5.111561 0
5.112742 0
5.113827 0
5.114924 0
5.116047 0
5.117225 0
5.118378 0
5.119600 0
5.120779 0
5.122012 0
5.123165 0
5.124244 0
5.125382 0
5.126509 0
5.127697 0
5.128799 0
5.130013 0
5.131208 0
5.132423 0
5.133600 0
5.134730 0
5.135902 0
5.137041 0
5.138197 0
5.139350 0
5.140467 0
5.141544 0
5.142736 0
5.143932 0
5.145139 0
5.146251 0
5.147404 0
5.148622 0
5.149676 0
5.150860 0
5.151963 0
5.153043 0
5.154113 0
5.155184 0
5.156278 0
5.157346 0
5.158413 0
5.159475 0
5.160546 0
5.161741 0
5.162840 0
5.164068 0
5.165190 0
5.166295 0
5.167416 0
5.168516 0
5.169600 0
5.170662 0
5.171723 0
5.172786 0
5.173851 0
5.174909 0
5.175996 0
5.177070 0
5.178183 0
5.179309 0
5.180499 0
5.181631 0
5.182791 0
5.183942 0
5.185030 0
5.186163 0
5.187288 0
5.188435 0
5.189523 0
5.190704 0
5.191791 0
5.192978 0
5.194135 0
5.195296 0
5.196381 0
5.197525 0
5.198685 0
5.199792 0
5.200937 0
5.202073 0
5.203219 0
5.204305 0
5.205490 0
5.206555 0
5.207736 0
5.208920 0
5.210029 0
5.211206 0
5.212264 0
5.213398 0
5.214581 0
5.215801 0
5.216881 0
5.218065 0
5.219214 0
5.220421 0
5.221598 0
5.222724 0
5.223912 0
5.225023 0
5.226121 0
5.227178 0
5.228232 0
5.229307 0
5.230381 0
5.231453 0
5.232539 0
5.233608 0
5.234734 0
5.235858 0
5.236964 0
5.238078 0
5.239255 0
5.240437 0
5.241600 0
5.242749 0
5.243869 0
5.244971 0
5.246083 0
5.247279 0
5.248347 0
5.249546 0
5.250635 0
5.251847 0
5.253021 0
5.254195 0
5.255358 0
5.256436 0
5.257525 0
5.258641 0
5.259781 0
5.260840 0
5.261910 0
5.263009 0
5.264191 0
5.265273 0
5.266382 0
5.267523 0
5.268770 0
5.269970 0
5.271323 0
5.272396 0
5.273463 0
5.274527 0
5.275592 0
5.276656 0
5.277720 0
5.278783 0
5.279846 0
5.280910 0
5.281973 0
5.283036 0
5.284099 0
5.285162 0
5.286226 0
5.287290 0
5.288354 0
5.289419 0
5.290484 0
5.291549 0
5.292612 0
5.293681 0
5.294748 0
5.295812 0
5.296875 0
5.297939 0
5.299003 0
5.300068 0
5.301133 0
5.302198 0
5.303286 0
5.304389 0
5.305503 0
5.306606 0
5.307716 0
5.308777 0
5.309832 0
5.310885 0
5.311958 0
5.313047 0
5.314117 0
5.315179 0
5.316249 0
5.317322 0
5.318427 0
5.319524 0
5.320604 0
5.321676 0
5.322847 0
5.323921 0
5.324996 0
5.326071 0
5.327148 0
5.328217 0
5.329283 0
5.330345 0
5.331406 0
5.332467 0
5.333527 0
5.334545 0
5.335613 0
5.336680 0
5.337742 0
5.338804 0
5.339865 0
5.340925 0
5.341986 0
5.343023 0
5.344083 0
5.345264 0
5.346472 0
5.347606 0
5.348766 0
5.349884 0
5.351029 0
5.352184 0
5.353355 0
5.354451 0
5.355630 0
5.356707 0
5.357803 0
5.358922 0
5.360040 0
5.361224 0
5.362277 0
5.363350 0
5.364497 0
5.365553 0
5.366625 0
5.367715 0
5.368751 0
5.369804 0
5.370869 0
5.372132 0
5.373186 0
5.374363 0
5.375441 0
5.376630 0
5.377797 0
5.378861 0
5.380009 0
5.381178 0
5.382306 0
5.383400 0
5.384567 0
5.385670 0
5.386826 0
5.387898 0
5.389154 0
5.390214 0
5.391364 0
5.392517 0
5.393676 0
5.394841 0
5.395996 0
5.397072 0
5.398155 0
5.399265 0
5.400358 0
5.401559 0
5.402611 0
5.403795 0
5.404878 0
5.406060 0
5.407217 0
5.408314 0
5.409431 0
5.410496 0
5.411568 0
5.412638 0
5.413890 0
5.414949 0
5.416007 0
5.417043 0
5.418091 0
5.419158 0
5.420215 0
5.421268 0
5.422326 0
5.423382 0
5.424447 0
5.425507 0
5.426565 0
5.427623 0
5.428677 0
5.429736 0
5.430796 0
5.431853 0
5.432908 0
5.433964 0
5.435001 0
5.436184 0
5.437304 0
5.438484 0
5.439538 0
5.440670 0
5.441742 0
5.442801 0
5.443900 0
5.445094 0
5.446157 0
5.447245 0
5.448343 0
5.449457 0
5.450609 0
5.451806 0
5.452941 0
5.454092 0
5.455235 0
5.456314 0
5.457536 0
5.458597 0
5.459632 0
5.460690 0
5.461734 0
5.462844 0
5.464027 0
5.465098 0
5.466286 0
5.467370 0
5.468518 0
5.469687 0
5.470819 0
5.471921 0
5.472984 0
5.474151 0
5.475236 0
5.476372 0
5.477470 0
5.478648 0
5.479720 0
5.480904 0
5.482060 0
5.483199 0
5.484347 0
5.485510 0
5.486665 0
5.487761 0
5.488913 0
5.490039 0
5.491188 0
5.492267 0
5.493374 0
5.494460 0
5.495538 0
5.496645 0
5.497834 0
5.498890 0
5.499930 0
5.500993 0
5.502051 0
5.503111 0
5.504174 0
5.505229 0
5.506289 0
5.507346 0
5.508403 0
5.509459 0
5.510602 0
5.511766 0
5.512821 0
5.513987 0
5.515048 0
5.516137 0
5.517229 0
5.518337 0
5.519459 0
5.520644 0
5.521731 0
5.522916 0
5.524079 0
5.525232 0
5.526330 0
5.527456 0
5.528582 0
5.529706 0
5.530837 0
5.531954 0
5.533105 0
5.534176 0
5.535371 0
5.536455 0
5.537638 0
5.538801 0
5.539933 0
5.541087 0
5.542230 0
5.543388 0
5.544475 0
5.545655 0
5.546771 0
5.547924 0
5.548995 0
5.550181 0
5.551264 0
5.552430 0
5.553586 0
5.554747 0
5.555824 0
5.556914 0
5.558097 0
5.559216 0
5.560293 0
5.561357 0
5.562475 0
5.563568 0
5.564748 0
5.565817 0
5.567007 0
5.568169 0
5.569327 0
5.570483 0
5.571639 0
5.572748 0
5.573841 0
5.574969 0
5.576057 0
5.577215 0
5.578355 0
5.579486 0
5.580561 0
5.581747 0
5.582832 0
5.584026 0
5.585187 0
5.586317 0
5.587472 0
5.588603 0
5.589738 0
5.590808 0
5.591926 0
5.593040 0
5.594140 0
5.595277 0
5.596447 0
5.597526 0
5.598712 0
5.599872 0
5.601030 0
5.602186 0
5.603338 0
5.604495 0
5.605586 0
5.606748 0
5.607854 0
5.608999 0
5.610074 0
5.611266 0
5.612354 0
5.613537 0
5.614697 0
5.615774 0
5.616963 0
5.618107 0
5.619263 0
5.620349 0
5.621526 0
5.622642 0
5.623786 0
5.624858 0
5.626048 0
5.627135 0
5.628326 0
5.629475 0
5.630634 0
5.631796 0
5.632892 0
5.634021 0
5.635105 0
5.636272 0
5.637396 0
5.638541 0
5.639613 0
5.640806 0
5.641888 0
5.643078 0
5.644245 0
5.645413 0
5.646568 0
5.647662 0
5.648809 0
5.649925 0
5.651085 0
5.652159 0
5.653342 0
5.654481 0
5.655648 0
5.656733 0
5.658012 0
5.659195 0
5.660337 0
5.661534 0
5.662603 0
5.663679 0
5.664755 0
5.665828 0
5.666897 0
5.667965 0
5.669002 0
5.670045 0
5.671113 0
5.672175 0
5.673220 0
5.674291 0
5.675369 0
5.676581 0
5.677649 0
5.678715 0
5.679750 0
5.680801 0
5.681877 0
5.682956 0
5.684015 0
5.685080 0
5.686136 0
5.687192 0
5.688251 0
5.689314 0
5.690376 0
5.691437 0
5.692501 0
5.693564 0
5.694623 0
5.695682 0
5.696742 0
5.697802 0
5.698861 0
5.699921 0
5.700981 0
5.702042 0
5.703102 0
5.704161 0
5.705221 0
5.706284 0
5.707347 0
5.708410 0
5.709619 0
5.710699 0
5.711795 0
5.712890 0
5.713946 0
5.715010 0
5.716069 0
5.717124 0
5.718164 0
5.719257 0
5.720384 0
5.721452 0
5.722513 0
5.723562 0
5.724605 0
5.725651 0
5.726712 0
5.727774 0
5.728799 0
5.729859 0
5.730936 0
5.732008 0
5.733060 0
5.734157 0
5.735217 0
5.736372 0
5.737439 0
5.738497 0
5.739566 0
5.740733 0
5.741821 0
5.742929 0
5.744119 0
5.745259 0
5.746456 0
5.747534 0
5.748621 0
5.749681 0
5.750807 0
5.751874 0
5.752941 0
5.753958 0
5.755004 0
5.756081 0
5.757149 0
5.758243 0
5.759456 0
5.760528 0
5.761691 0
5.762803 0
5.763939 0
5.764997 0
5.766036 0
5.767084 0
5.768200 0
5.769352 0
5.770491 0
5.771615 0
5.772710 0
5.773767 0
5.774835 0
5.775900 0
5.776955 0
5.778017 0
5.779091 0
5.780171 0
5.781264 0
5.782446 0
5.783517 0
5.784678 0
5.785832 0
5.786938 0
5.788105 0
5.789184 0
5.790319 0
5.791440 0
5.792552 0
5.793598 0
5.794677 0
5.795749 0
5.796879 0
5.797941 0
5.799009 0
5.800088 0
5.801192 0
5.802276 0
5.803399 0
5.804465 0
5.805631 0
5.806740 0
5.807875 0
5.809024 0
5.810091 0
5.811251 0
5.812383 0
5.813473 0
5.814538 0
5.815604 0
5.816695 0
5.817809 0
5.818909 0
5.820087 0
5.821240 0
5.822423 0
5.823555 0
5.824673 0
5.825833 0
5.826919 0
5.828048 0
5.829146 0
5.830230 0
5.831277 0
5.832439 0
5.833555 0
5.834718 0
5.835814 0
5.836976 0
5.838085 0
5.839253 0
5.840419 0
5.841579 0
5.842744 0
5.843795 0
5.844953 0
5.846002 0
5.847185 0
5.848309 0
5.849403 0
5.850523 0
5.851665 0
5.852778 0
5.853942 0
5.855038 0
5.856143 0
5.857237 0
5.858463 0
5.859626 0
5.860804 0
5.862003 0
5.863187 0
5.864354 0
5.865450 0
5.866516 0
5.867586 0
5.868688 0
5.869746 0
5.870828 0
5.871887 0
5.872961 0
5.874027 0
5.875089 0
5.876140 0
5.877207 0
5.878270 0
5.879333 0
5.880395 0
5.881457 0
5.882520 0
5.883582 0
5.884613 0
5.885686 0
5.886732 0
5.887820 0
5.888891 0
5.889948 0
5.891082 0
5.892138 0
5.893180 0
5.894232 0
5.895307 0
5.896375 0
5.897443 0
5.898530 0
5.899612 0
5.900691 0
5.901772 0
5.902839 0
5.903910 0
5.905000 0
5.906115 0
5.907198 0
5.908283 0
5.909382 0
5.910468 0
5.911546 0
5.912576 0
5.913625 0
5.914679 0
5.915738 0
5.916804 0
5.917844 0
5.918912 0
5.919971 0
5.921028 0
5.922074 0
5.923108 0
5.924219 0
5.925302 0
5.926415 0
5.927513 0
5.928685 0
5.929775 0
5.930886 0
5.931982 0
5.933142 0
5.934346 0
5.935493 0
5.936658 0
5.937792 0
5.938949 0
5.940032 0
5.941168 0
5.942248 0
5.943396 0
5.944524 0
5.945680 0
5.946751 0
5.947936 0
5.949022 0
5.950205 0
5.951364 0
5.952520 0
5.953677 0
5.954775 0
5.955878 0
5.956963 0
5.958111 0
5.959198 0
5.960376 0
5.961493 0
5.962643 0
5.963714 0
5.964906 0
5.965992 0
5.967185 0
5.968260 0
5.969331 0
5.970508 0
5.971689 0
5.972822 0
5.973956 0
5.975006 0
5.976051 0
5.977180 0
5.978258 0
5.979432 0
5.980504 0
5.981692 0
5.982789 0
5.983968 0
5.985126 0
5.986282 0
5.987443 0
5.988548 0
5.989701 0
5.990785 0
5.991946 0
5.993089 0
5.994170 0
5.995254 0
5.996320 0
5.997402 0
5.998513 0
5.999576 0
6.000652 0
6.001746 0
6.002872 0
6.004018 0
6.005122 0
6.006285 0
6.007432 0
6.008639 0
6.009781 0
6.010844 0
6.011904 0
6.012973 0
6.013994 0
6.015109 0
6.016177 0
6.017276 0
6.018357 0
6.019534 0
6.020625 0
6.021739 0
6.022917 0
6.024086 0
6.025229 0
6.026280 0
6.027474 0
6.028598 0
6.029752 0
6.030834 0
6.032012 0
6.033108 0
6.034287 0
6.035447 0
6.036604 0
6.037769 0
6.038878 0
6.040009 0
6.041104 0
6.042242 0
6.043325 0
6.044510 0
6.045588 0
6.046774 0
6.047862 0
6.049043 0
6.050202 0
6.051372 0
6.052517 0
6.053597 0
6.054757 0
6.055808 0
6.056940 0
6.058099 0
6.059245 0
6.060322 0
6.061395 0
6.062505 0
6.063610 0
6.064807 0
6.065959 0
6.067115 0
6.068233 0
6.069297 0
6.070347 0
6.071526 0
6.072569 0
6.073697 0
6.074800 0
6.075929 0
6.077049 0
6.078190 0
6.079272 0
6.080409 0
6.081556 0
6.082709 0
6.083873 0
6.085025 0
6.086189 0
6.087298 0
6.088421 0
6.089565 0
6.090697 0
6.091846 0
6.092947 0
6.094018 0
6.095193 0
6.096280 0
6.097454 0
6.098612 0
6.099761 0
6.100923 0
6.101985 0
6.103120 0
6.104198 0
6.105348 0
6.106420 0
6.107674 0
6.108734 0
6.109794 0
6.110852 0
6.111910 0
6.112967 0
6.114024 0
6.115081 0
6.116138 0
6.117189 0
6.118358 0
6.119628 0
6.120696 0
6.121880 0
6.123051 0
6.124252 0
6.125420 0
6.126624 0
6.127819 0
6.129018 0
6.130190 0
6.131385 0
6.132562 0
6.133758 0
6.134841 0
6.135962 0
6.137056 0
6.138215 0
6.139409 0
6.140568 0
6.141788 0
6.142987 0
6.144177 0
6.145306 0
6.146525 0
6.147642 0
6.148805 0
6.149946 0
6.151121 0
6.152195 0
6.153263 0
6.154306 0
6.155382 0
6.156489 0
6.157557 0
6.158621 0
6.159850 0
6.161006 0
6.162148 0
6.163196 0
6.164262 0
6.165462 0
6.166514 0
6.167715 0
6.168792 0
6.169999 0
6.171056 0
6.172153 0
6.173245 0
6.174490 0
6.175538 0
6.176689 0
6.177847 0
6.178917 0
6.180123 0
6.181209 0
6.182349 0
6.183423 0
6.184582 0
6.185655 0
6.186849 0
6.187940 0
6.189050 0
6.190233 0
6.191395 0
6.192551 0
6.193694 0
6.194856 0
6.195954 0
6.197106 0
6.198171 0
6.199339 0
6.200407 0
6.201600 0
6.202665 0
6.203776 0
6.204965 0
6.206120 0
6.207275 0
6.208378 0
6.209569 0
6.210661 0
6.211801 0
6.212947 0
6.214073 0
6.215187 0
6.216342 0
6.217403 0
6.218609 0
6.219701 0
6.220855 0
6.222011 0
6.223095 0
6.224277 0
6.225430 0
6.226529 0
6.227625 0
6.228714 0
6.229838 0
6.230909 0
6.232047 0
6.233194 0
6.234270 0
6.235459 0
6.236621 0
6.237774 0
6.238939 0
6.240100 0
6.241260 0
6.242341 0
6.243480 0
6.244565 0
6.245718 0
6.246849 0
6.247993 0
6.249064 0
6.250259 0
6.251339 0
6.252530 0
6.253681 0
6.254818 0
6.255907 0
6.257076 0
6.258239 0
6.259390 0
6.260466 0
6.261566 0
6.262696 0
6.263817 0
6.264966 0
6.266064 0
6.267181 0
6.268301 0
6.269479 0
6.270633 0
6.271791 0
6.272872 0
6.273939 0
6.275026 0
6.276105 0
6.277256 0
6.278321 0
6.279555 0
6.280594 0
6.281676 0
6.282757 0
6.283844 0
6.284937 0
6.286053 0
6.287178 0
6.288247 0
6.289455 0
6.290599 0
6.291723 0
6.292794 0
6.293934 0
6.294973 0
6.296046 0
6.297156 0
6.298332 0
6.299406 0
6.300581 0
6.301667 0
6.302847 0
6.304004 0
6.305171 0
6.306315 0
6.307407 0
6.308528 0
6.309627 0
6.310717 0
6.311855 0
6.313000 0
6.314064 0
6.315226 0
6.316344 0
6.317499 0
6.318627 0
6.319774 0
6.320847 0
6.322004 0
6.323162 0
6.324325 0
6.325482 0
6.326645 0
6.327811 0
6.328876 0
6.330005 0
6.331084 0
6.332258 0
6.333405 0
6.334523 0
6.335593 0
6.336777 0
6.337858 0
6.339041 0
6.340203 0
6.341357 0
6.342518 0
6.343618 0
6.344773 0
6.345845 0
6.346982 0
6.348050 0
6.349211 0
6.350344 0
6.351486 0
6.352561 0
6.353746 0
6.354840 0
6.355939 0
6.357113 0
6.358273 0
6.359433 0
6.360589 0
6.361753 0
6.362822 0
6.363891 0
6.364960 0
6.366087 0
6.367141 0
6.368270 0
6.369372 0
6.370509 0
6.371582 0
6.372767 0
6.373855 0
6.374933 0
6.376018 0
6.377130 0
6.378300 0
6.379457 0
6.380584 0
6.381695 0
6.382853 0
6.383959 0
6.385069 0
6.386100 0
6.387250 0
6.388370 0
6.389499 0
6.390573 0
6.391762 0
6.392841 0
6.394029 0
6.395189 0
6.396349 0
6.397507 0
6.398618 0
6.399760 0
6.400863 0
6.401981 0
6.403071 0
6.404173 0
6.405276 0
6.406505 0
6.407587 0
6.408817 0
6.409929 0
6.411093 0
6.412218 0
6.413304 0
6.414369 0
6.415455 0
6.416540 0
6.417613 0
6.418676 0
6.419773 0
6.421063 0
6.422124 0
6.423183 0
6.424237 0
6.425299 0
6.426355 0
6.427409 0
6.428472 0
6.429588 0
6.430660 0
6.431721 0
6.432781 0
6.433840 0
6.434899 0
6.435960 0
6.437023 0
6.438083 0
6.439142 0
6.440202 0
6.441263 0
6.442325 0
6.443390 0
6.444454 0
6.445518 0
6.446596 0
6.447689 0
6.448809 0
6.449957 0
6.451037 0
6.452061 0
6.453092 0
6.454169 0
6.455229 0
6.456302 0
6.457359 0
6.458429 0
6.459489 0
6.460528 0
6.461610 0
6.462681 0
6.463761 0
6.464872 0
6.465935 0
6.466988 0
6.468101 0
6.469158 0
6.470235 0
6.471334 0
6.472524 0
6.473710 0
6.474864 0
6.475913 0
6.477043 0
6.478081 0
6.479142 0
6.480196 0
6.481259 0
6.482321 0
6.483341 0
6.484394 0
6.485450 0
6.486504 0
6.487563 0
6.488614 0
6.489671 0
6.490748 0
6.491807 0
6.492864 0
6.493948 0
6.494998 0
6.496051 0
6.497112 0
6.498181 0
6.499240 0
6.500322 0
6.501399 0
6.502471 0
6.504324 0
6.505381 0
6.506446 0
6.507546 0
6.508641 0
6.509730 0
6.510808 0
6.511880 0
6.512953 0
6.514011 0
6.515069 0
6.516269 0
6.517336 0
6.518401 0
6.519437 0
6.520511 0
6.521584 0
6.522709 0
6.523779 0
6.524815 0
6.525877 0
6.526941 0
6.527999 0
6.529061 0
6.530116 0
6.531155 0
6.532215 0
6.533279 0
6.534344 0
6.535403 0
6.536469 0
6.537525 0
6.538595 0
6.539656 0
6.540817 0
6.541972 0
6.543078 0
6.544217 0
6.545376 0
6.546467 0
6.547566 0
6.548665 0
6.549803 0
6.550949 0
6.552063 0
6.553132 0
6.554309 0
6.555392 0
6.556510 0
6.557633 0
6.558807 0
6.559966 0
6.561126 0
6.562284 0
6.563353 0
6.564457 0
6.565517 0
6.566534 0
6.567579 0
6.568652 0
6.569748 0
6.570848 0
6.571960 0
6.573137 0
6.574204 0
6.575386 0
6.576452 0
6.577524 0
6.578618 0
6.579684 0
6.580795 0
6.581997 0
6.583148 0
6.584223 0
6.585460 0
6.586539 0
6.587691 0
6.588802 0
6.589893 0
6.590972 0
6.592152 0
6.593236 0
6.594456 0
6.595585 0
6.596748 0
6.597898 0
6.598980 0
6.600137 0
6.601248 0
6.602437 0
6.603502 0
6.604676 0
6.605759 0
6.606945 0
6.608028 0
6.609214 0
6.610361 0
6.611509 0
6.612660 0
6.613737 0
6.614915 0
6.616016 0
6.617120 0
6.618189 0
6.619405 0
6.620475 0
6.621670 0
6.622821 0
6.623963 0
6.625132 0
6.626279 0
6.627446 0
6.628579 0
6.629693 0
6.630816 0
6.631871 0
6.633054 0
6.634148 0
6.635202 0
6.636292 0
6.637428 0
6.638574 0
6.639722 0
6.640814 0
6.641948 0
6.643029 0
6.644248 0
6.645328 0
6.646469 0
6.647572 0
6.648711 0
6.649840 0
6.650975 0
6.652041 0
6.653235 0
6.654416 0
6.655544 0
6.656619 0
6.657812 0
6.658967 0
6.660029 0
6.661146 0
6.662237 0
6.663362 0
6.664426 0
6.665626 0
6.666693 0
6.667809 0
6.668924 0
6.670111 0
6.671265 0
6.672428 0
6.673574 0
6.674656 0
6.675848 0
6.676890 0
6.678068 0
6.679129 0
6.680224 0
6.681327 0
6.682506 0
6.683659 0
6.684818 0
6.685977 0
6.687109 0
6.688260 0
6.689393 0
6.690518 0
6.691644 0
6.692784 0
6.693858 0
6.695047 0
6.696133 0
6.697315 0
6.698411 0
6.699526 0
6.700682 0
6.701839 0
6.702999 0
6.704118 0
6.705250 0
6.706413 0
6.707531 0
6.708618 0
6.709820 0
6.710878 0
6.712015 0
6.713119 0
6.714186 0
6.715270 0
6.716446 0
6.717516 0
6.718634 0
6.719829 0
6.720928 0
6.722036 0
6.723144 0
6.724273 0
6.725399 0
6.726546 0
6.727620 0
6.728786 0
6.729870 0
6.731042 0
6.732190 0
6.733353 0
6.734511 0
6.735638 0
6.736773 0
6.737894 0
6.739017 0
6.740152 0
6.741287 0
6.742383 0
6.743554 0
6.744641 0
6.745822 0
6.746981 0
6.748138 0
6.749301 0
6.750432 0
6.751563 0
6.752641 0
6.753820 0
6.754936 0
6.756008 0
6.757075 0
6.758274 0
6.759353 0
6.760539 0
6.761690 0
6.762847 0
6.764008 0
6.765165 0
6.766313 0
6.767406 0
6.768550 0
6.769666 0
6.770827 0
6.771899 0
6.773093 0
6.774178 0
6.775368 0
6.776525 0
6.777602 0
6.778772 0
6.779869 0
6.780956 0
6.782099 0
6.783211 0
6.784292 0
6.785445 0
6.786561 0
6.787736 0
6.788801 0
6.789984 0
6.791059 0
6.792255 0
6.793411 0
6.794481 0
6.795556 0
6.796645 0
6.797796 0
6.798871 0
6.799926 0
6.800988 0
6.802046 0
6.803147 0
6.804374 0
6.805439 0
6.806666 0
6.807759 0
6.808995 0
6.810070 0
6.811139 0
6.812230 0
6.813313 0
6.814472 0
6.815525 0
6.816601 0
6.817659 0
6.818712 0
6.819766 0
6.820814 0
6.821880 0
6.822940 0
6.823994 0
6.825055 0
6.826109 0
6.827167 0
6.828230 0
6.829290 0
6.830347 0
6.831404 0
6.832460 0
6.833517 0
6.834575 0
6.835636 0
6.836730 0
6.837856 0
6.839045 0
6.840195 0
6.841356 0
6.842462 0
6.843596 0
6.844690 0
6.845795 0
6.846869 0
6.848019 0
6.849123 0
6.850287 0
6.851364 0
6.852537 0
6.853614 0
6.854806 0
6.855877 0
6.857049 0
6.858188 0
6.859347 0
6.860508 0
6.861579 0
6.862668 0
6.863838 0
6.864927 0
6.866090 0
6.867209 0
6.868286 0
6.869467 0
6.870634 0
6.871791 0
6.872947 0
6.874110 0
6.875267 0
6.876329 0
6.877533 0
6.878591 0
6.879742 0
6.880797 0
6.881901 0
6.882963 0
6.884050 0
6.885112 0
6.886217 0
6.887384 0
6.888633 0
6.889833 0
6.891030 0
6.892174 0
6.893237 0
6.894462 0
6.895508 0
6.896585 0
6.897644 0
6.898807 0
6.899875 0
6.901073 0
6.902232 0
6.903392 0
6.904547 0
6.905681 0
6.906801 0
6.907881 0
6.909044 0
6.910200 0
6.911261 0
6.912362 0
6.913439 0
6.914553 0
6.915579 0
6.916632 0
6.917652 0
6.918701 0
6.919766 0
6.920842 0
6.921922 0
6.922999 0
6.924092 0
6.925174 0
6.926279 0
6.927368 0
6.928459 0
6.929557 0
6.930609 0
6.931731 0
6.932797 0
6.933882 0
6.934959 0
6.936076 0
6.937176 0
6.938272 0
6.939341 0
6.940439 0
6.941536 0
6.942629 0
6.943720 0
6.944830 0
6.945931 0
6.947036 0
6.948136 0
6.949229 0
6.950282 0
6.951350 0
6.952500 0
6.953573 0
6.954648 0
6.955822 0
6.956882 0
6.957941 0
6.958999 0
6.960060 0
6.961155 0
6.962231 0
6.963342 0
6.964439 0
6.965541 0
6.966630 0
6.967721 0
6.968801 0
6.969848 0
6.970921 0
6.972013 0
6.973092 0
6.974206 0
6.975279 0
6.976357 0
6.977453 0
6.978525 0
6.979582 0
6.980651 0
6.981815 0
6.982885 0
6.983931 0
6.985014 0
6.986105 0
6.987178 0
6.988262 0
6.989331 0
6.990470 0
6.991532 0
6.992609 0
6.993701 0
6.994840 0
6.995944 0
6.997002 0
6.998078 0
6.999145 0
7.000189 0
7.001242 0
7.002301 0
7.003363 0
7.004434 0
7.005509 0
7.006569 0
7.007620 0
7.008686 0
7.009738 0
7.010797 0
7.011848 0
7.012909 0
7.013968 0
7.015022 0
7.016118 0
7.017193 0
7.018264 0
7.019325 0
7.020386 0
7.021468 0
7.022519 0
7.023615 0
7.024717 0
7.025821 0
7.026925 0
7.028020 0
7.029115 0
7.030205 0
7.031289 0
7.032423 0
7.033508 0
7.034570 0
7.035622 0
7.036684 0
7.037742 0
7.038800 0
7.039865 0
7.040919 0
7.041975 0
7.043030 0
7.044082 0
7.045110 0
7.046149 0
7.047214 0
7.048273 0
7.049335 0
7.050419 0
7.051477 0
7.052533 0
7.053601 0
7.054661 0
7.055722 0
7.056793 0
7.057824 0
7.058875 0
7.060015 0
7.061129 0
7.062249 0
7.063373 0
7.064444 0
7.065584 0
7.066752 0
7.067852 0
7.069014 0
7.070096 0
7.071252 0
7.072336 0
7.073488 0
7.074565 0
7.075746 0
7.076842 0
7.078015 0
7.079072 0
7.080207 0
7.081364 0
7.082523 0
7.083627 0
7.084697 0
7.085773 0
7.086863 0
7.087969 0
7.089052 0
7.090208 0
7.091331 0
7.092464 0
7.093536 0
7.094715 0
7.095815 0
7.096973 0
7.098129 0
7.099285 0
7.100439 0
7.101576 0
7.102716 0
7.103803 0
7.104962 0
7.106089 0
7.107145 0
7.108304 0
7.109450 0
7.110525 0
7.111696 0
7.112857 0
7.114009 0
7.115102 0
7.116261 0
7.117418 0
7.118474 0
7.119545 0
7.120648 0
7.121817 0
7.122873 0
7.124025 0
7.125095 0
7.126279 0
7.127373 0
7.128562 0
7.129648 0
7.130834 0
7.131993 0
7.133067 0
7.134207 0
7.135264 0
7.136436 0
7.137559 0
7.138716 0
7.139790 0
7.140976 0
7.142063 0
7.143258 0
7.144392 0
7.145459 0
7.146648 0
7.147782 0
7.148939 0
7.150021 0
7.151184 0
7.152293 0
7.153462 0
7.154530 0
7.155698 0
7.156766 0
7.157982 0
7.159120 0
7.160254 0
7.161323 0
7.162517 0
7.163666 0
7.164745 0
7.165896 0
7.166958 0
7.168140 0
7.169200 0
7.170424 0
7.171525 0
7.172771 0
7.173970 0
7.175023 0
7.176171 0
7.177266 0
7.178440 0
7.179494 0
7.180559 0
7.181618 0
7.182646 0
7.183709 0
7.184807 0
7.185864 0
7.186987 0
7.188081 0
7.189239 0
7.190440 0
7.191587 0
7.192727 0
7.193817 0
7.194931 0
7.196011 0
7.197100 0
7.198173 0
7.199314 0
7.200422 0
7.201574 0
7.202659 0
7.203859 0
7.204938 0
7.206120 0
7.207270 0
7.208432 0
7.209588 0
7.210643 0
7.211796 0
7.212885 0
7.214020 0
7.215085 0
7.216276 0
7.217354 0
7.218564 0
7.219629 0
7.220794 0
7.221897 0
7.222969 0
7.224148 0
7.225279 0
7.226457 0
7.227531 0
7.228665 0
7.229737 0
7.230806 0
7.231917 0
7.233102 0
7.234168 0
7.235349 0
7.236427 0
7.237611 0
7.238680 0
7.239864 0
7.241025 0
7.242144 0
7.243292 0
7.244377 0
7.245565 0
7.246677 0
7.247776 0
7.248899 0
7.250022 0
7.251094 0
7.252292 0
7.253435 0
7.254520 0
7.255705 0
7.256767 0
7.257953 0
7.259001 0
7.260177 0
7.261242 0
7.262296 0
7.263364 0
7.264578 0
7.265635 0
7.266768 0
7.267848 0
7.268965 0
7.270054 0
7.271238 0
7.272351 0
7.273492 0
7.274643 0
7.275782 0
7.276858 0
7.277971 0
7.279105 0
7.280165 0
7.281303 0
7.282379 0
7.283565 0
7.284643 0
7.285825 0
7.286910 0
7.287997 0
7.289101 0
7.290317 0
7.291457 0
7.292612 0
7.293655 0
7.294764 0
7.295895 0
7.297014 0
7.298137 0
7.299206 0
7.300317 0
7.301395 0
7.302591 0
7.303675 0
7.304860 0
7.306015 0
7.307169 0
7.308331 0
7.309442 0
7.310581 0
7.311702 0
7.312822 0
7.313925 0
7.315102 0
7.316192 0
7.317361 0
7.318442 0
7.319637 0
7.320765 0
7.321924 0
7.323000 0
7.324068 0
7.325235 0
7.326321 0
7.327547 0
7.328685 0
7.329857 0
7.330935 0
7.332206 0
7.333283 0
7.334492 0
7.335586 0
7.336731 0
7.337884 0
7.339017 0
7.340154 0
7.341284 0
7.342438 0
7.343503 0
7.344661 0
7.345746 0
7.346924 0
7.348015 0
7.349178 0
7.350328 0
7.351493 0
7.352643 0
7.353734 0
7.354902 0
7.355974 0
7.357135 0
7.358218 0
7.359395 0
7.360478 0
7.361665 0
7.362823 0
7.363996 0
7.365133 0
7.366206 0
7.367341 0
7.368399 0
7.369561 0
7.370723 0
7.371837 0
7.372900 0
7.374087 0
7.375167 0
7.376350 0
7.377513 0
7.378671 0
7.379833 0
7.380897 0
7.382055 0
7.383136 0
7.384297 0
7.385423 0
7.386573 0
7.387663 0
7.388737 0
7.389803 0
7.390986 0
7.392071 0
7.393178 0
7.394342 0
7.395482 0
7.396544 0
7.397606 0
7.398693 0
7.399808 0
7.400929 0
7.402002 0
7.403085 0
7.404185 0
7.405368 0
7.406499 0
7.407652 0
7.408714 0
7.409902 0
7.410966 0
7.412084 0
7.413167 0
7.414234 0
7.415294 0
7.416655 0
7.417717 0
7.418765 0
7.419822 0
7.420857 0
7.421893 0
7.422923 0
7.423989 0
7.425052 0
7.426113 0
7.427157 0
7.428220 0
7.429270 0
7.430331 0
7.431382 0
7.432441 0
7.433504 0
7.434624 0
7.435694 0
7.436807 0
7.437921 0
7.439039 0
7.440225 0
7.441380 0
7.442535 0
7.443660 0
7.444825 0
7.445885 0
7.447019 0
7.448123 0
7.449260 0
7.450351 0
7.451497 0
7.452593 0
7.453734 0
7.454801 0
7.455893 0
7.457028 0
7.458119 0
7.459304 0
7.460381 0
7.461572 0
7.462730 0
7.463891 0
7.464969 0
7.466094 0
7.467179 0
7.468338 0
7.469409 0
7.470596 0
7.471671 0
7.472850 0
7.473937 0
7.475123 0
7.476285 0
7.477443 0
7.478607 0
7.479693 0
7.480768 0
7.481826 0
7.483002 0
7.484071 0
7.485160 0
7.486220 0
7.487312 0
7.488382 0
7.489458 0
7.490529 0
7.491716 0
7.492812 0
7.493915 0
7.495079 0
7.496234 0
7.497325 0
7.498394 0
7.499510 0
7.500584 0
7.501657 0
7.502722 0
7.503927 0
7.504974 0
7.506042 0
7.507097 0
7.508147 0
7.509204 0
7.510254 0
7.511315 0
7.512452 0
7.513528 0
7.514630 0
7.515781 0
7.516903 0
7.518062 0
7.519128 0
7.520177 0
7.521284 0
7.522353 0
7.523465 0
7.524585 0
7.525650 0
7.526736 0
7.527807 0
7.528904 0
7.529992 0
7.531204 0
7.532273 0
7.533452 0
7.534542 0
7.535727 0
7.536882 0
7.537996 0
7.539140 0
7.540246 0
7.541390 0
7.542516 0
7.543657 0
7.544696 0
7.545823 0
7.546888 0
7.548060 0
7.549184 0
7.550327 0
7.551403 0
7.552541 0
7.553642 0
7.554801 0
7.555895 0
7.557068 0
7.558180 0
7.559335 0
7.560490 0
7.561582 0
7.562743 0
7.563874 0
7.565012 0
7.566083 0
7.567269 0
7.568346 0
7.569460 0
7.570568 0
7.571678 0
7.572879 0
7.574036 0
7.575205 0
7.576250 0
7.577436 0
7.578477 0
7.579621 0
7.580692 0
7.581758 0
7.582851 0
7.584047 0
7.585117 0
7.586251 0
7.587414 0
7.588565 0
7.589727 0
7.590912 0
7.591974 0
7.593039 0
7.594184 0
7.595251 0
7.596408 0
7.597514 0
7.598611 0
7.599687 0
7.600869 0
7.601953 0
7.603070 0
7.604173 0
7.605277 0
7.606479 0
7.607638 0
7.608785 0
7.609854 0
7.610950 0
7.612044 0
7.613220 0
7.614322 0
7.615502 0
7.616574 0
7.617754 0
7.618838 0
7.620020 0
7.621180 0
7.622337 0
7.623494 0
7.624583 0
7.625707 0
7.626780 0
7.627948 0
7.629091 0
7.630225 0
7.631302 0
7.632487 0
7.633569 0
7.634760 0
7.635921 0
7.637078 0
7.638227 0
7.639342 0
7.640501 0
7.641591 0
7.642729 0
7.643850 0
7.644997 0
7.646073 0
7.647257 0
7.648346 0
7.649526 0
7.650685 0
7.651847 0
7.652997 0
7.654103 0
7.655178 0
7.656244 0
7.657429 0
7.658498 0
7.659584 0
7.660795 0
7.661851 0
7.662913 0
7.664048 0
7.665135 0
7.666288 0
7.667356 0
7.668545 0
7.669590 0
7.670733 0
7.671862 0
7.673011 0
7.674157 0
7.675276 0
7.676360 0
7.677426 0
7.678538 0
7.679632 0
7.680819 0
7.681902 0
7.683078 0
7.684166 0
7.685279 0
7.686504 0
7.687753 0
7.688940 0
7.690233 0
7.691406 0
7.692481 0
7.693582 0
7.694631 0
7.695852 0
7.696930 0
7.698120 0
7.699308 0
7.700677 0
7.701789 0
7.702859 0
7.703890 0
7.704964 0
7.706028 0
7.707069 0
7.708136 0
7.709170 0
7.710253 0
7.711333 0
7.712425 0
7.713510 0
7.714572 0
7.715641 0
7.716735 0
7.717834 0
7.718931 0
7.720061 0
7.721179 0
7.722243 0
7.723315 0
7.724376 0
7.725446 0
7.726532 0
7.727690 0
7.728801 0
7.729926 0
7.731043 0
7.732161 0
7.733213 0
7.734287 0
7.735422 0
7.736532 0
7.737625 0
7.738680 0
7.739820 0
7.740885 0
7.741935 0
7.743000 0
7.744064 0
7.745125 0
7.746185 0
7.747247 0
7.748271 0
7.749332 0
7.750395 0
7.751463 0
7.752527 0
7.753583 0
7.754645 0
7.755709 0
7.756772 0
7.757826 0
7.758892 0
7.759997 0
7.761193 0
7.762378 0
7.763457 0
7.764643 0
7.765818 0
7.766906 0
7.768065 0
7.769116 0
7.770321 0
7.771416 0
7.772487 0
7.773512 0
7.774543 0
7.775593 0
7.776661 0
7.777720 0
7.778784 0
7.779852 0
7.780911 0
7.781981 0
7.783043 0
7.784091 0
7.785155 0
7.786216 0
7.787269 0
7.788332 0
7.789383 0
7.790423 0
7.791482 0
7.792542 0
7.793596 0
7.794656 0
7.796061 0
7.797125 0
7.798183 0
7.799242 0
7.800311 0
7.801369 0
7.802412 0
7.803499 0
7.804586 0
7.805647 0
7.806706 0
7.807803 0
7.808862 0
7.809921 0
7.810981 0
7.812041 0
7.813100 0
7.814160 0
7.815220 0
7.816293 0
7.817354 0
7.818441 0
7.819540 0
7.820648 0
7.821732 0
7.822815 0
7.823899 0
7.824941 0
7.825989 0
7.827019 0
7.828089 0
7.829160 0
7.830262 0
7.831296 0
7.832339 0
7.833398 0
7.834511 0
7.835568 0
7.836627 0
7.837644 0
7.838710 0
7.839771 0
7.840860 0
7.841931 0
7.843038 0
7.844132 0
7.845230 0
7.846325 0
7.847451 0
7.848528 0
7.849649 0
7.850831 0
7.851982 0
7.853131 0
7.854253 0
7.855355 0
7.856384 0
7.857549 0
7.858626 0
7.859750 0
7.860832 0
7.861962 0
7.863033 0
7.864151 0
7.865332 0
7.866492 0
7.867649 0
7.868805 0
7.869889 0
7.871029 0
7.872181 0
7.873257 0
7.874381 0
7.875479 0
7.876621 0
7.877745 0
7.878901 0
7.879971 0
7.881087 0
7.882156 0
7.883302 0
7.884393 0
7.885575 0
7.886686 0
7.887837 0
7.889002 0
7.890111 0
7.891167 0
7.892237 0
7.893345 0
7.894429 0
7.895569 0
7.896662 0
7.897824 0
7.898873 0
7.900058 0
7.901150 0
7.902312 0
7.903394 0
7.904585 0
7.905728 0
7.906848 0
7.908004 0
7.909104 0
7.910218 0
7.911333 0
7.912476 0
7.913552 0
7.914617 0
7.915662 0
7.916871 0
7.917935 0
7.919000 0
7.920058 0
7.921109 0
7.922176 0
7.923260 0
7.924351 0
7.925416 0
7.926476 0
7.927537 0
7.928613 0
7.929676 0
7.930743 0
7.931806 0
7.932906 0
7.933974 0
7.935072 0
7.936139 0
7.937198 0
7.938240 0
7.939280 0
7.940349 0
7.941396 0
7.942479 0
7.943530 0
7.944594 0
7.945654 0
7.946720 0
7.947786 0
7.948845 0
7.949906 0
7.950958 0
7.952012 0
7.953074 0
7.954112 0
7.955170 0
7.956241 0
7.957343 0
7.958434 0
7.959642 0
7.960782 0
7.961937 0
7.963068 0
7.964161 0
7.965259 0
7.966370 0
7.967453 0
7.968599 0
7.969689 0
7.970787 0
7.971892 0
7.973085 0
7.974167 0
7.975360 0
7.976520 0
7.977678 0
7.978846 0
7.979919 0
7.981056 0
7.982117 0
7.983185 0
7.984315 0
7.985509 0
7.986592 0
7.987738 0
7.988812 0
7.989990 0
7.991143 0
7.992298 0
7.993457 0
7.994616 0
7.995779 0
7.996862 0
7.997920 0
7.999022 0
8.000072 0
8.001131 0
8.002183 0
8.003264 0
8.004318 0
8.005356 0
8.006426 0
8.007488 0
8.008549 0
8.009611 0
8.010689 0
8.011747 0
8.012771 0
8.013834 0
8.014971 0
8.016096 0
8.017202 0
8.018379 0
8.019439 0
8.020503 0
8.021686 0
8.022808 0
8.023923 0
8.025068 0
8.026132 0
8.027222 0
8.028317 0
8.029418 0
8.030472 0
8.031600 0
8.032681 0
8.033881 0
8.034939 0
8.036042 0
8.037128 0
8.038329 0
8.039484 0
8.040598 0
8.041757 0
8.042823 0
8.043952 0
8.045014 0
8.046075 0
8.047150 0
8.048371 0
8.049428 0
8.050510 0
8.051594 0
8.052774 0
8.053941 0
8.055032 0
8.056106 0
8.057266 0
8.058437 0
8.059503 0
8.060571 0
8.061641 0
8.062741 0
8.063848 0
8.064976 0
8.066074 0
8.067197 0
8.068309 0
8.069499 0
8.070627 0
8.071784 0
8.072936 0
8.074048 0
8.075189 0
8.076258 0
8.077355 0
8.078482 0
8.079666 0
8.080708 0
8.081820 0
8.082925 0
8.084101 0
8.085199 0
8.086304 0
8.087457 0
8.088629 0
8.089784 0
8.090966 0
8.092094 0
8.093150 0
8.094290 0
8.095426 0
8.096574 0
8.097649 0
8.098746 0
8.099833 0
8.101024 0
8.102082 0
8.103190 0
8.104370 0
8.105527 0
8.106726 0
8.107815 0
8.108994 0
8.110058 0
8.111121 0
8.112179 0
8.113243 0
8.114285 0
8.115442 0
8.116537 0
8.117731 0
8.118818 0
8.119959 0
8.121087 0
8.122225 0
8.123382 0
8.124481 0
8.125605 0
8.126696 0
8.127831 0
8.128997 0
8.130113 0
8.131181 0
8.132368 0
8.133451 0
8.134637 0
8.135801 0
8.136954 0
8.138111 0
8.139207 0
8.140345 0
8.141470 0
8.142569 0
8.143736 0
8.144781 0
8.145862 0
8.146924 0
8.148018 0
8.149108 0
8.150204 0
8.151380 0
8.152440 0
8.153617 0
8.154709 0
8.155828 0
8.156978 0
8.158187 0
8.159295 0
8.160417 0
8.161558 0
8.162642 0
8.163807 0
8.164945 0
8.166064 0
8.167137 0
8.168269 0
8.169349 0
8.170457 0
8.171620 0
8.172705 0
8.173885 0
8.175046 0
8.176200 0
8.177278 0
8.178433 0
8.179486 0
8.180630 0
8.181742 0
8.182823 0
8.183920 0
8.185112 0
8.186177 0
8.187378 0
8.188533 0
8.189685 0
8.190843 0
8.192007 0
8.193145 0
8.194233 0
8.195364 0
8.196428 0
8.197598 0
8.198719 0
8.199801 0
8.200884 0
8.202058 0
8.203131 0
8.204315 0
8.205473 0
8.206594 0
8.207731 0
8.208886 0
8.210039 0
8.211131 0
8.212313 0
8.213390 0
8.214498 0
8.215621 0
8.216779 0
8.217853 0
8.218956 0
8.220060 0
8.221161 0
8.222242 0
8.223330 0
8.224389 0
8.225453 0
8.226511 0
8.227623 0
8.228674 0
8.229745 0
8.230785 0
8.231874 0
8.233036 0
8.234079 0
8.235201 0
8.236335 0
8.237488 0
8.238584 0
8.239743 0
8.240805 0
8.241977 0
8.243047 0
8.244235 0
8.245331 0
8.246502 0
8.247634 0
8.248746 0
8.249883 0
8.250940 0
8.252102 0
8.253219 0
8.254371 0
8.255447 0
8.256548 0
8.257647 0
8.258838 0
8.259923 0
8.261113 0
8.262271 0
8.263436 0
8.264588 0
8.265659 0
8.266830 0
8.267873 0
8.269040 0
8.270140 0
8.271218 0
8.272283 0
8.273469 0
8.274560 0
8.275690 0
8.276780 0
8.277899 0
8.278990 0
8.280149 0
8.281297 0
8.282342 0
8.283446 0
8.284506 0
8.285564 0
8.286599 0
8.287655 0
8.288705 0
8.289764 0
8.290891 0
8.292044 0
8.293119 0
8.294300 0
8.295388 0
8.296561 0
8.297716 0
8.298872 0
8.300028 0
8.301087 0
8.302206 0
8.303332 0
8.304457 0
8.305575 0
8.306721 0
8.307848 0
8.308997 0
8.310085 0
8.311161 0
8.312351 0
8.313508 0
8.314580 0
8.315744 0
8.316893 0
8.317987 0
8.319067 0
8.320164 0
8.321329 0
8.322476 0
8.323630 0
8.324703 0
8.325887 0
8.326971 0
8.328156 0
8.329312 0
8.330472 0
8.331630 0
8.332711 0
8.333871 0
8.334942 0
8.336145 0
8.337202 0
8.338321 0
8.339426 0
8.340597 0
8.341724 0
8.342872 0
8.344016 0
8.345177 0
8.346328 0
8.347411 0
8.348548 0
8.349620 0
8.350804 0
8.351879 0
8.353057 0
8.354141 0
8.355329 0
8.356428 0
8.357542 0
8.358703 0
8.359869 0
8.360920 0
8.362044 0
8.363186 0
8.364257 0
8.365401 0
8.366473 0
8.367544 0
8.368609 0
8.369769 0
8.370844 0
8.372028 0
8.373115 0
8.374299 0
8.375384 0
8.376576 0
8.377736 0
8.378826 0
8.379975 0
8.381065 0
8.382239 0
8.383274 0
8.384393 0
8.385493 0
8.386690 0
8.387756 0
8.388954 0
8.390093 0
8.391244 0
8.392404 0
8.393510 0
8.394656 0
8.395786 0
8.396922 0
8.397988 0
8.399167 0
8.400230 0
8.401419 0
8.402502 0
8.403600 0
8.404767 0
8.405922 0
8.407034 0
8.408146 0
8.409266 0
8.410349 0
8.411501 0
8.412606 0
8.413693 0
8.414768 0
8.415924 0
8.417022 0
8.418061 0
8.419121 0
8.420167 0
8.421221 0
8.422429 0
8.423527 0
8.424664 0
8.425822 0
8.426874 0
8.428044 0
8.429121 0
8.430306 0
8.431375 0
8.432555 0
8.433641 0
8.434825 0
8.435987 0
8.437145 0
8.438303 0
8.439384 0
8.440497 0
8.441564 0
8.442739 0
8.443878 0
8.445022 0
8.446096 0
8.447282 0
8.448377 0
8.449467 0
8.450629 0
8.451813 0
8.452953 0
8.454109 0
8.455261 0
8.456336 0
8.457489 0
8.458618 0
8.459717 0
8.460782 0
8.461849 0
8.462952 0
8.464126 0
8.465188 0
8.466340 0
8.467419 0
8.468618 0
8.469777 0
8.470839 0
8.471995 0
8.473137 0
8.474190 0
8.475269 0
8.476343 0
8.477397 0
8.478474 0
8.479542 0
8.480610 0
8.481668 0
8.482725 0
8.483769 0
8.484830 0
8.485862 0
8.486953 0
8.488063 0
8.489247 0
8.490426 0
8.491550 0
8.492698 0
8.493755 0
8.494830 0
8.495936 0
8.497087 0
8.498154 0
8.499208 0
8.500251 0
8.501313 0
8.502465 0
8.503571 0
8.504632 0
8.505683 0
8.506726 0
8.507811 0
8.508864 0
8.509931 0
8.510993 0
8.512095 0
8.513220 0
8.514325 0
8.515408 0
8.516618 0
8.517675 0
8.518764 0
8.519839 0
8.520886 0
8.521969 0
8.523086 0
8.524248 0
8.525329 0
8.526450 0
8.527527 0
8.528707 0
8.529866 0
8.531026 0
8.532184 0
8.533340 0
8.534451 0
8.535496 0
8.536582 0
8.537630 0
8.538678 0
8.539760 0
8.541058 0
8.542100 0
8.543165 0
8.544250 0
8.545359 0
8.546476 0
8.547590 0
8.548769 0
8.549916 0
8.551078 0
8.552139 0
8.553252 0
8.554354 0
8.555479 0
8.556569 0
8.557610 0
8.558678 0
8.559737 0
8.560787 0
8.561848 0
8.562906 0
8.563922 0
8.564976 0
8.566070 0
8.567150 0
8.568306 0
8.569352 0
8.570428 0
8.571510 0
8.572691 0
8.573842 0
8.574886 0
8.575979 0
8.577026 0
8.578084 0
8.579143 0
8.580209 0
8.581270 0
8.582330 0
8.583397 0
8.584472 0
8.585532 0
8.586579 0
8.587702 0
8.588882 0
8.589939 0
8.590995 0
8.592036 0
8.593092 0
8.594173 0
8.595289 0
8.596361 0
8.597457 0
8.598528 0
8.599574 0
8.600619 0
8.601713 0
8.602790 0
8.606229 0
8.607288 0
8.608348 0
8.609407 0
8.610466 0
8.611525 0
8.612550 0
8.613602 0
8.614669 0
8.615731 0
8.616789 0
8.617849 0
8.618916 0
8.620058 0
8.621127 0
8.622244 0
8.623361 0
8.624490 0
8.625608 0
8.626723 0
8.627788 0
8.628927 0
8.630050 0
8.631211 0
8.632282 0
8.633460 0
8.63455