0.000000 0
0.050000 0
0.100000 0
0.150000 0
0.200000 0
0.250000 0
0.300000 0
0.350000 0
0.400000 0
0.450000 0
0.500000 0
0.550000 0
0.600000 0
0.650000 0
0.700000 0
0.750000 0
0.800000 0
0.850000 0
0.900000 0
0.950000 0
1.000000 0
1.050000 0
1.100000 0
1.150000 0
1.200000 0
1.250000 0
1.300000 0
1.350000 0
1.400000 0
1.450000 0
1.500000 0
1.550000 0
1.600000 0
1.650000 0
1.700000 0
1.750000 0
1.800000 0
1.850000 0
1.900000 0
1.950000 0
2.000000 0
2.050000 0
2.100000 0
2.150000 0
2.200000 0
2.250000 0
2.300000 0
2.350000 0
2.400000 0
2.450000 0
2.500000 0
2.550000 0
2.600000 0
2.650000 0
2.700000 0
2.750000 0
2.800000 0
2.850000 0
2.900000 0
2.950000 0
3.000000 9
3.050000 59
3.100000 63
3.150000 60
3.200000 66
3.250000 61
3.300000 59
3.350000 63
3.400000 60
3.450000 67
3.500000 60
3.550000 63
3.600000 60
3.650000 64
3.700000 62
3.750000 60
3.800000 63
3.850000 59
3.900000 64
3.950000 63
4.000000 62
4.050000 61
4.100000 61
4.150000 63
4.200000 62
4.250000 63
4.300000 60
4.350000 62
4.400000 63
4.450000 64
4.500000 61
4.550000 60
4.600000 62
4.650000 62
4.700000 64
4.750000 61
4.800000 62
4.850000 62
4.900000 63
4.950000 62
5.000000 61
5.050000 61
5.100000 62
5.150000 65
5.200000 61
5.250000 62
5.300000 61
5.350000 62
5.400000 64
5.450000 60
5.500000 62
5.550000 61
5.600000 64
5.650000 63
5.700000 62
5.750000 61
5.800000 61
5.850000 63
5.900000 62
5.950000 62
6.000000 61
6.050000 62
6.100000 63
6.150000 63
6.200000 62
6.250000 60
6.300000 63
6.350000 62
6.400000 63
6.450000 61
6.500000 62
6.550000 62
6.600000 63
6.650000 62
6.700000 60
6.750000 63
6.800000 61
6.850000 64
6.900000 62
6.950000 61
7.000000 62
7.050000 61
7.100000 64
7.150000 59
7.200000 65
7.250000 59
7.300000 64
7.350000 62
7.400000 62
7.450000 62
7.500000 61
7.550000 64
7.600000 60
7.650000 63
7.700000 61
7.750000 62
7.800000 63
7.850000 63
7.900000 61
7.950000 59
8.000000 65
8.050000 62
8.100000 62
8.150000 61
8.200000 62
8.250000 63
8.300000 64
8.350000 61
8.400000 59
8.450000 64
8.500000 62
8.550000 63
8.600000 61
8.650000 62
8.700000 62
8.750000 64
8.800000 62
8.850000 59
8.900000 63
8.950000 61
9.000000 64
9.050000 62
9.100000 62
9.150000 61
9.200000 63
9.250000 63
9.300000 60
9.350000 62
9.400000 61
9.450000 64
9.500000 63
9.550000 62
9.600000 61
9.650000 63
9.700000 62
9.750000 61
9.800000 62
9.850000 61
9.900000 63
9.950000 63
10.000000 63
10.050000 61
10.100000 61
10.150000 62
10.200000 62
10.250000 63
10.300000 61
10.350000 62
10.400000 62
10.450000 64
10.500000 61
10.550000 60
10.600000 62
10.650000 63
10.700000 64
10.750000 61
10.800000 62
10.850000 60
10.900000 66
10.950000 60
11.000000 61
11.050000 62
11.100000 62
11.150000 63
11.200000 62
11.250000 62
11.300000 60
11.350000 64
11.400000 62
11.450000 62
11.500000 61
11.550000 62
11.600000 62
11.650000 63
11.700000 63
11.750000 60
11.800000 63
11.850000 62
11.900000 62
11.950000 62
12.000000 62
12.050000 61
12.100000 64
12.150000 63
12.200000 60
12.250000 63
12.300000 60
12.350000 64
12.400000 62
12.450000 62
12.500000 61
12.550000 62
12.600000 64
12.650000 60
12.700000 64
12.750000 59
12.800000 63
12.850000 63
12.900000 62
12.950000 62
13.000000 61
13.050000 65
13.100000 59
13.150000 63
13.200000 61
13.250000 63
13.300000 63
13.350000 62
13.400000 62
13.450000 61
13.500000 63
13.550000 61
13.600000 63
13.650000 61
13.700000 61
13.750000 63
13.800000 63
13.850000 62
13.900000 59
13.950000 64
14.000000 60
14.050000 64
14.100000 62
14.150000 62
14.200000 61
14.250000 64
14.300000 62
14.350000 60
14.400000 64
14.450000 59
14.500000 65
14.550000 61
14.600000 63
14.650000 61
14.700000 62
14.750000 64
14.800000 60
14.850000 64
14.900000 59
14.950000 63
15.000000 63
15.050000 63
15.100000 61
15.150000 59
15.200000 65
15.250000 61
15.300000 63
15.350000 61
15.400000 62
15.450000 62
15.500000 64
15.550000 62
15.600000 59
15.650000 64
15.700000 61
15.750000 64
15.800000 61
15.850000 62
15.900000 61
15.950000 64
16.000000 63
16.050000 59
16.100000 64
16.150000 60
16.200000 64
16.250000 62
16.300000 62
16.350000 61
16.400000 60
16.450000 66
16.500000 60
16.550000 64
16.600000 59
16.650000 63
16.700000 63
16.750000 63
16.800000 61
16.850000 59
16.900000 67
16.950000 60
17.000000 62
17.050000 61
17.100000 62
17.150000 64
17.200000 62
17.250000 62
17.300000 59
17.350000 65
17.400000 61
17.450000 64
17.500000 60
17.550000 62
17.600000 62
17.650000 62
17.700000 64
17.750000 59
17.800000 63
17.850000 62
17.900000 63
17.950000 62
18.000000 62
18.050000 60
18.100000 62
18.150000 64
18.200000 60
18.250000 64
18.300000 59
18.350000 65
18.400000 61
18.450000 63
18.500000 61
18.550000 59
18.600000 67
18.650000 59
18.700000 64
18.750000 60
18.800000 63
18.850000 63
18.900000 63
18.950000 61
19.000000 59
19.050000 65
19.100000 61
19.150000 63
19.200000 61
19.250000 62
19.300000 63
19.350000 61
19.400000 64
19.450000 59
19.500000 64
19.550000 62
19.600000 61
19.650000 63
19.700000 62
19.750000 61
19.800000 62
19.850000 63
19.900000 61
19.950000 62
20.000000 61
20.050000 64
20.100000 61
20.150000 64
20.200000 61
20.250000 60
20.300000 65
20.350000 60
20.400000 63
20.450000 61
20.500000 64
20.550000 61
20.600000 63
20.650000 62
20.700000 59
20.750000 65
20.800000 60
20.850000 64
20.900000 61
20.950000 62
21.000000 63
21.050000 61
21.100000 64
21.150000 59
21.200000 63
21.250000 62
21.300000 63
21.350000 62
21.400000 61
21.450000 63
21.500000 62
21.550000 63
21.600000 60
21.650000 62
21.700000 63
21.750000 62
21.800000 63
21.850000 61
21.900000 62
21.950000 63
22.000000 61
22.050000 62
22.100000 62
22.150000 61
22.200000 63
22.250000 62
22.300000 63
22.350000 62
22.400000 60
22.450000 63
22.500000 61
22.550000 64
22.600000 61
22.650000 61
22.700000 64
22.750000 62
22.800000 63
22.850000 59
22.900000 62
22.950000 63
23.000000 63
23.050000 62
23.100000 61
23.150000 62
23.200000 63
23.250000 63
23.300000 60
23.350000 62
23.400000 63
23.450000 62
23.500000 63
23.550000 61
23.600000 62
23.650000 63
23.700000 61
23.750000 62
23.800000 62
23.850000 61
23.900000 63
23.950000 63
24.000000 8
