3.002223 0
3.102484 6800
3.202551 7100
3.302590 7000
3.402651 7000
3.502724 6800
3.602773 6900
3.702807 7000
3.802877 7000
3.902909 6800
4.002976 7000
4.103042 6800
4.203114 6900
4.303141 7200
4.403206 6800
4.503283 7000
4.603353 6900
4.703392 6900
4.803429 7000
4.903492 7000
5.003566 6900
5.103607 6900
5.203681 6900
5.303757 7000
5.403821 7000
5.503848 6800
5.603889 6900
5.703959 7100
5.804021 6800
5.904064 7000
6.004136 6900
6.104180 6900
6.204209 7000
6.304250 7000
6.404281 6800
6.504337 7000
6.604410 7000
6.704484 6900
6.804506 7000
6.904539 6900
7.004600 6900
7.104653 7000
7.204695 6900
7.304731 7000
7.404778 7000
7.504853 6800
7.604880 7100
7.704967 6900
7.805035 6800
7.905104 7100
8.005172 6900
8.105209 7100
8.205240 6800
8.305310 6900
8.405378 7100
8.505448 6800
8.605510 6900
8.705583 7100
8.805626 6900
8.905701 7000
9.005772 6900
9.105840 6600
9.205897 7000
9.305933 6900
9.405959 7000
9.505986 6900
9.606056 6900
9.706112 7000
9.806168 7000
9.906205 6900
10.006255 6900
10.106324 7000
10.206368 6900
10.306435 6900
10.406489 7000
10.506565 7000
10.606634 6800
10.706713 7000
10.806754 7000
10.906791 7000
11.006824 6800
11.106877 7000
11.206950 7000
11.306999 6900
11.407074 7000
11.507129 6900
11.607160 6900
11.707192 7000
11.807244 6900
11.907275 7000
12.007347 6900
12.107408 7000
12.207481 6900
12.307526 7000
12.407567 7000
12.507647 7000
12.607696 6800
12.707775 7000
12.807852 7000
12.907909 6900
13.007977 6900
13.108046 7000
13.208111 6800
13.308146 7100
13.408210 6900
13.508277 6900
13.608309 7100
13.708367 6800
13.808441 7000
13.908489 7000
14.008541 6900
14.108570 6800
14.208611 7100
14.308680 6800
14.408728 7000
14.508765 6900
14.608809 7000
14.708870 6900
14.808940 7000
14.908976 6900
15.009037 7000
15.109073 6900
15.209138 6900
15.309198 7000
15.409268 6900
15.509343 7000
15.609383 7000
15.709452 7000
15.809485 6800
15.909544 7000
16.009587 6900
16.109642 7000
16.209716 6900
16.309769 6900
16.409818 7000
16.509882 6900
16.609960 7000
16.709989 6700
16.810051 7000
16.910111 6800
17.010143 7100
17.110200 6900
17.210253 6800
17.310318 7100
17.410391 6900
17.510434 7000
17.610488 7000
17.710572 6800
17.810642 7000
17.910710 7000
18.010773 6800
18.110836 7100
18.210903 6900
18.310955 7000
18.410999 6900
18.511033 6900
18.611072 7000
18.717879 7400
18.817930 7000
18.917998 7000
19.018027 6800
19.118098 7000
19.218139 7000
19.318212 6800
19.418251 7000
19.518283 7000
19.618351 7000
19.718421 7000
19.818489 6800
19.918516 7000
20.018600 6900
20.118676 6900
20.218732 7000
20.318785 7000
20.418836 6900
20.518908 6900
20.618960 7000
20.719033 7000
20.819069 6900
20.919125 6900
21.019155 7000
21.119184 6900
21.219209 7000
21.319245 6900
21.419276 7000
21.519348 7000
21.619405 6800
21.719473 7100
21.819524 6800
21.919591 6900
22.019645 7000
22.119708 6900
22.219746 7000
22.319795 7000
22.419854 6800
22.519888 7100
22.619953 7000
22.719997 6900
22.820044 7000
22.920086 6900
23.020152 6900
23.120198 7000
23.220269 6900
23.320312 7000
23.420356 6900
23.520413 6900
23.620448 7000
23.720517 7000
23.820541 6800
23.920590 7100
24.020655 6900
24.120720 7000
24.220758 6900
24.320800 6900
24.421034 7100
24.521105 6800
24.621135 6900
24.721208 7100
24.821276 6900
24.921296 6900
25.021357 7000
25.121428 6900
25.221478 7000
25.321538 6900
25.421584 7000
25.521612 6900
25.621685 7000
25.721736 6900
25.821771 6700
25.921816 7200
26.021877 7100
26.121945 6900
26.222025 6900
26.322072 7000
26.422108 7000
26.522143 6800
26.622217 7000
26.722248 7000
26.822312 7000
26.922360 7000
27.022410 6800
27.122494 7000
27.222543 7000
27.322591 6800
27.422645 7000
27.522679 7000
27.622750 7000
27.722814 6800
27.822876 7000
27.922950 6900
28.022978 6800
28.123049 7000
28.223121 7000
28.323177 6900
28.423226 7100
28.523286 6800
28.623328 7000
28.723389 6800
28.823430 7000
28.923504 7000
29.023543 6900
29.123622 7000
29.223648 6900
29.323714 7000
29.423745 7000
29.523812 7000
29.623904 6800
29.723959 7000
29.824006 7000
29.924035 6900
30.024104 7000
30.124164 6900
30.224231 6900
30.324275 7000
30.424329 6900
30.524408 7000
30.624474 7000
30.724522 6900
30.824603 6900
30.924630 7000
31.024703 6900
31.124738 7000
31.224795 6900
31.324820 7000
31.424883 7000
31.524919 6900
31.624966 6900
31.725027 7000
31.825077 7000
31.925099 6700
32.025169 7000
32.125244 6800
32.225303 7000
32.325350 7000
32.425421 7000
32.525485 6900
32.625533 6900
32.725561 7000
32.825630 7000
32.925671 6800
33.025744 7000
33.125765 7000
33.225798 7000
33.325878 7000
33.425941 6800
33.526010 7000
33.626054 7000
33.726127 6800
33.826193 7000
33.926230 7000
34.026302 6800
34.126381 7100
34.226415 6900
34.326444 7000
34.426486 6900
34.526729 6900
34.626781 7000
34.726812 7000
34.826860 6900
34.926914 6900
35.026987 7000
35.127060 7000
35.227089 6900
35.327172 7000
35.427219 6900
35.527298 7000
35.627342 7000
35.727375 6800
35.827449 7000
35.927514 6900
36.027548 6700
36.127574 7000
36.227646 6900
36.327670 7000
36.427709 7000
36.527734 6900
36.627805 7000
36.727880 6900
36.827913 7000
36.927947 6900
37.029919 6900
37.129985 7100
37.230063 6900
37.330107 7100
37.430180 6800
37.530248 6900
37.630275 7100
37.730302 6900
37.830356 7000
37.930427 6900
38.030495 6900
38.130564 7100
38.230639 6800
38.330693 6900
38.430759 7100
38.530814 6900
38.630888 7000
38.730946 6900
38.830996 6900
38.931048 7100
39.031110 6800
39.131145 7100
39.231173 6800
39.331233 7000
39.431288 7000
39.531324 6800
39.631369 6900
39.731394 7100
39.831423 6800
39.931500 7000
40.031558 7000
40.131604 6800
40.231671 7100
40.331738 6900
40.431816 6900
40.531893 7100
40.631931 6800
40.731975 7200
40.832018 6800
40.932069 6800
41.032134 7100
41.132190 6900
41.232245 6800
41.332275 7200
41.432305 6800
41.532347 7000
41.632382 7000
41.732435 6800
41.832507 7100
41.932535 6900
42.032580 6800
42.132641 7000
42.232687 7000
42.332729 6900
42.432780 7100
42.532803 6800
42.632843 7100
42.732918 6900
42.832988 6800
42.933027 7200
43.033081 6800
43.133135 6800
43.233204 7100
43.333263 6900
43.433334 6900
43.533368 7000
43.633427 6900
43.733493 7000
43.833549 6900
43.933616 6900
44.033656 7000
44.133720 7000
44.233774 6800
44.333797 7100
44.433863 6900
44.533903 6800
44.633954 7100
44.734007 6900
44.834054 7000
44.934124 6900
45.034151 6900
45.134222 7000
45.234269 6900
45.334335 6900
45.434377 6900
45.534422 7000
45.634477 6900
45.734552 7000
45.834604 6900
45.934664 7100
46.034735 6800
46.134806 6800
46.234853 7200
46.334883 6800
46.434918 6900
46.534989 7100
46.635042 6800
46.735073 7100
46.835105 6900
46.935151 6900
47.035218 7000
47.135293 6800
47.235329 7000
47.335360 7000
47.435399 6800
47.535444 7100
47.635500 6900
47.735569 7000
47.835599 6900
47.935633 6900
48.035693 7000
48.135759 6900
48.235843 6900
48.335913 7100
48.435973 6900
48.536026 6800
48.636106 7100
48.736173 6900
48.836230 7000
48.936283 7000
49.036339 6900
49.136407 6900
49.236482 6900
49.336529 7000
49.436577 7000
49.536620 6900
49.636688 6900
49.736716 7000
49.836751 6900
49.936803 6900
50.036837 7000
50.136910 6900
50.236961 7100
50.337034 6900
50.437084 6900
50.537156 6900
50.637210 7000
50.737245 6900
50.837306 7000
50.937338 6900
51.037403 6900
51.137471 7000
51.237527 7000
51.337597 6800
51.437660 7000
51.537732 7000
51.637800 6900
51.737842 6900
51.837900 7000
51.937927 7000
52.037996 7000
52.138025 6900
52.238063 6900
52.338101 7000
52.438143 6300
52.538209 7600
52.638246 6900
52.738282 7000
52.838345 7000
52.938398 6800
53.038468 7000
53.138493 7100
53.238523 7000
53.338585 7100
53.438611 6900
53.538640 8900
53.638705 9000
53.738743 8800
53.838810 9000
53.938881 8800
54.038949 9000
54.138990 9000
54.239063 8700
54.339084 9200
54.439147 8800
54.539196 9000
54.639269 9000
54.739291 8800
54.839351 8900
54.939423 9000
55.039497 8800
55.139537 9200
55.239596 8600
55.339637 9000
55.439722 8900
55.539780 8800
55.639845 9000
55.739887 9000
55.839935 8800
55.940003 9200
56.040059 8700
56.140106 9000
56.240152 8800
56.340172 9000
56.440754 9100
56.540829 8900
56.640870 8700
56.740943 9000
56.841001 9000
56.941039 9000
57.041067 9000
57.141118 8700
57.241197 9000
57.341226 9000
57.441263 8800
57.541310 8900
57.641343 9000
57.741411 8900
57.841482 8900
57.941548 9000
58.041588 9000
58.141632 8800
58.241719 8900
58.341748 8800
58.441786 9000
58.541870 8700
58.641935 9000
58.742015 8900
58.842061 8900
58.942115 9200
59.042183 8800
59.142246 8900
59.242299 8900
59.342378 8700
59.442446 9000
59.542479 8900
59.642543 8900
59.742574 8900
59.842640 8900
59.942691 9100
60.042730 8900
60.142795 8800
60.242833 9100
60.342887 8900
60.442931 8800
60.542961 9000
60.643050 8900
60.743100 9000
60.843239 8800
60.943292 9100
61.043356 8800
61.143405 9000
61.243439 9000
61.343495 8800
61.443573 9100
61.543649 8900
61.643724 8900
61.743753 8900
61.843826 8900
61.943900 9000
62.043960 8800
62.144032 8900
62.244068 9000
62.344115 8700
62.444146 9100
62.544188 8900
62.644213 8800
62.744291 9100
62.844325 8800
62.944370 8800
63.044418 9200
63.144474 8800
63.244543 8700
63.344591 9200
63.444628 8800
63.544702 8900
63.644768 9000
63.744827 8900
63.844874 9100
63.944948 8800
64.045010 8900
64.145088 9000
64.245120 8900
64.345182 8800
64.445250 9100
64.545300 8800
64.645363 9000
64.745422 9000
64.845483 8700
64.945510 9200
65.045585 8800
65.145625 8900
65.245668 9100
65.345732 8800
65.445802 8800
65.545861 9100
65.645930 8800
65.745969 9100
65.845998 8900
65.946068 8800
66.046134 9100
66.146182 8800
66.246222 8900
66.346260 9100
66.446310 8800
66.546374 9200
66.646396 8800
66.746455 8700
66.846515 9200
66.946577 8800
67.046645 9100
67.146692 8900
67.246720 8800
67.346786 9000
67.446858 8900
67.546887 8800
67.646925 9100
67.746975 8800
67.847013 8800
67.947075 9200
68.047117 8800
68.147179 9100
68.247226 8900
68.347292 8700
68.447348 9100
68.547402 8900
68.647434 8800
68.747483 9200
68.847518 8800
68.947550 9100
69.047624 8800
69.147692 8800
69.247715 9000
69.347771 9000
69.447816 9000
69.547861 8900
69.647924 8900
69.747968 9000
69.848006 8900
69.948046 8900
70.048089 8900
70.148127 9000
70.248178 8800
70.348254 9000
70.448288 8900
70.548360 9000
70.648409 9100
70.748438 8700
70.848470 9000
70.948505 9000
71.048573 8800
71.148600 9100
71.248662 8900
71.348713 9100
71.448784 8800
71.548806 8800
71.648849 9000
71.748913 8900
71.848990 9000
71.949034 8900
72.049063 8900
72.149128 8900
72.249194 9100
72.349259 8800
72.449329 9100
72.549387 8900
72.649446 8700
72.749469 9100
72.849558 8900
72.949614 8900
73.049673 8900
73.149709 8900
73.249738 9000
73.349835 8900
73.449884 7800
73.549940 10000
73.650015 8900
73.750079 8900
73.850131 9000
73.950173 9000
74.050212 8800
74.150274 8900
74.250345 9000
74.350418 8800
74.450474 9000
74.550505 8900
74.650531 8900
74.750564 9000
74.850610 8900
74.950677 9100
75.050710 8800
75.150787 8800
75.250816 9100
75.350887 8900
75.450946 8800
75.550980 9000
75.651024 8900
75.751096 8900
75.851172 8900
75.951217 9000
76.051244 8700
76.151268 9200
76.251305 8800
76.351356 9000
76.451430 8900
76.551471 9000
76.651512 8800
76.751573 8900
76.851607 9000
76.951651 9000
77.051690 8800
77.151723 8900
77.251802 9100
77.351865 8700
77.451906 9000
77.551942 9000
77.652005 9000
77.752081 8900
77.852151 8800
77.952225 9000
78.052255 9000
78.152328 8800
78.252400 9000
78.352422 9000
78.452498 8700
78.552558 9000
78.652617 8800
78.752677 8800
78.852718 9200
78.952796 8700
79.052865 9100
79.152896 8900
79.252919 8900
79.352969 9100
79.453031 8800
79.553075 9000
79.653108 8900
79.753133 8800
79.853183 9000
79.953236 9000
80.053291 8900
80.153348 8900
80.253382 8900
80.353431 8800
80.453501 9200
80.553569 8800
80.653624 9000
80.753702 8900
80.853739 8800
80.953801 9000
81.053837 9000
81.153887 8900
81.253945 8900
81.354019 8800
81.454057 9000
81.554128 8500
81.654160 9400
81.754189 8900
81.854226 8700
81.954304 9200
82.054377 8800
82.154406 9000
82.254437 9000
82.354465 8800
82.454527 8800
82.554569 9100
82.654638 8800
82.754707 9000
82.854767 9000
82.954815 8900
83.054843 9100
83.154911 8700
83.254976 8900
83.355054 9100
83.455079 8800
83.555149 8900
83.655194 9100
83.755261 8800
83.855311 9100
83.955383 8800
84.055416 8900
84.155470 9100
84.255536 8800
84.355595 9000
84.455661 8900
84.555738 8800
84.655783 9100
84.755838 8900
84.855885 8800
84.955935 9100
85.055979 8800
85.156052 9000
85.256104 8900
85.356176 8800
85.456251 9100
85.556322 8800
85.656375 8800
85.756428 8900
85.856499 8900
85.956527 8900
86.056579 8900
86.156651 9100
86.256689 8700
86.356762 9100
86.456790 8800
86.556848 8900
86.656902 9000
86.756973 8900
86.857008 8800
86.957062 9000
87.057132 8900
87.157183 9000
87.257242 8900
87.357292 8900
87.457348 9000
87.557386 8900
87.657417 8900
87.757456 8900
87.857478 9000
87.957519 8900
88.057570 9000
88.157648 8800
88.257709 9100
88.357735 8800
88.457801 8900
88.557860 9100
88.657907 8800
88.757950 8800
88.857995 9100
88.958018 8900
89.058060 9000
89.158126 8800
89.258190 8900
89.358250 9000
89.458287 9000
89.558342 8800
89.658430 9100
89.758479 8900
89.858540 9000
89.958615 8800
90.058690 8900
90.158767 9100
90.258831 8900
90.358869 8700
90.458934 9100
90.558967 8900
90.659026 8900
90.759056 9000
90.859126 8900
90.959199 9000
91.059222 8900
91.159272 8800
91.259345 9100
91.359369 8900
91.459440 9000
91.559489 8800
91.659557 8900
91.759587 8900
91.859659 9000
91.959697 8900
92.059748 9000
92.159823 8800
92.259898 8900
92.359958 9100
92.460008 8800
92.560082 8900
92.660109 9000
92.760175 8900
92.860235 9000
92.960291 8900
93.060334 8900
93.160372 8900
93.260443 8900
93.360499 8900
93.460550 9000
93.560591 9000
93.660665 9000
