3.002562 0
3.102706 8400
3.202764 7600
3.302837 7200
3.402864 7100
3.502934 7000
3.602994 7000
3.703047 7100
3.803109 6900
3.903176 7100
4.003211 7100
4.103234 7100
4.203303 6900
4.303370 7100
4.403445 7100
4.503512 7100
4.603538 6900
4.703600 7100
4.803682 7000
4.903725 7000
5.003789 7100
5.103855 7100
5.203928 7000
5.303980 7000
5.404034 7100
5.504076 7100
5.604140 7000
5.704171 7000
5.804242 7000
5.904309 7000
6.004383 7200
6.104452 6900
6.204522 7000
6.304580 7200
6.404627 6900
6.504699 7100
6.604744 7000
6.704782 7000
6.804852 7100
6.904897 7100
7.004924 6900
7.104996 7300
7.205019 6900
7.306152 6900
7.406224 7200
7.506283 7000
7.606312 7200
7.706369 6900
7.806439 7000
7.906462 7200
8.006503 6900
8.106548 7100
8.206590 7100
