0.000000 0
1.000000 0
2.000000 0
3.000000 1390
4.000000 1386
5.000000 1386
6.000000 1387
7.000000 1388
8.000000 1390
9.000000 1381
10.000000 1392
11.000000 1390
12.000000 1416
13.000000 1412
14.000000 1415
15.000000 1413
16.000000 1412
17.000000 1415
18.000000 1435
19.000000 1441
20.000000 1434
21.000000 1441
22.000000 1454
23.000000 1465
24.000000 1462
25.000000 1463
26.000000 1462
27.000000 1461
28.000000 1467
29.000000 1462
30.000000 1463
31.000000 1463
32.000000 1460
33.000000 1466
34.000000 1464
35.000000 1470
36.000000 1488
37.000000 1487
38.000000 1489
39.000000 1488
40.000000 1486
41.000000 1487
42.000000 1488
43.000000 1488
44.000000 1486
45.000000 1487
46.000000 1488
47.000000 1486
48.000000 1488
49.000000 1488
50.000000 1485
51.000000 1489
52.000000 1486
53.000000 1681
54.000000 1686
55.000000 1681
56.000000 1684
57.000000 1686
58.000000 1681
59.000000 1683
60.000000 1685
61.000000 1684
62.000000 1680
63.000000 1687
64.000000 1687
65.000000 1685
66.000000 1684
67.000000 1685
68.000000 1684
69.000000 1687
70.000000 1682
71.000000 1686
72.000000 1687
73.000000 1680
74.000000 1683
75.000000 1684
76.000000 1683
77.000000 1684
78.000000 1680
79.000000 1687
80.000000 1683
81.000000 1686
82.000000 1684
83.000000 1686
84.000000 1684
85.000000 1682
86.000000 1680
87.000000 1684
88.000000 1686
89.000000 1687
90.000000 1685
91.000000 1683
92.000000 1684
93.000000 1140
